D002009742: 0449 0447 0430
D069253928: 0443 0429 0421
D095838311: 0456 0451 0413
D0887081: 0441 0426 0404
D0601475: 0441 0414 0400
D044715649: 0458 0414 0397
D049701586: 0415 0411 0397
D042821526: 0441 0429 0396
D039075062: 0430 0413 0439 0405 0389
D046048332: 0421 0395 0385
D0572230: 0413 0387 0384
D024348249: 0455 0444 0413 0384
D088775043: 0405 0426 0383
D018775563: 0434 0395 0382
D0604205: 0443 0409 0381
D0921938: 0395 0426 0387 0385 0380
D025449013: 0441 0417 0378
D008105752: 0425 0394 0428 0375
D0712297: 0463 0442 0409 0414 0374
D041255667: 0443 0438 0420 0373
D030504370: 0445 0404 0380 0446 0452 0371
D0838835: 0404 0415 0371
D0931154: 0459 0425 0404 0413 0370
D002641034: 0400 0378 0436 0370
D067085927: 0382 0379 0369
D014492686: 0434 0368
D018052992: 0465 0412 0394 0385 0366
D0967582: 0448 0444 0366
D0506772: 0457 0424 0363
D001517460: 0395 0394 0362
D073983590: 0462 0426 0358
D0871657: 0360 0450 0357
D006118990: 0372 0384 0356
D021368240: 0464 0424 0422 0389 0356
D083029332: 0446 0465 0419 0385 0355
D082438630: 0448 0432 0354
D0731657: 0390 0363 0362 0361 0354
D039022349: 0409 0408 0353
D0590248: 0412 0364 0352
D026254258: 0407 0358 0352
D072655832: 0416 0404 0419 0351
D0845808: 0365 0433 0395 0352 0351
D0997429: 0429 0427 0364 0413 0351
D078987975: 0462 0364 0350
D0620204: 0403 0376 0424 0359 0347
D040742595: 0446 0423 0401 0361 0347
D064110875: 0416 0401 0408 0345
D0764393: 0424 0455 0446 0371 0345
D076926600: 0406 0373 0345
D002490786: 0414 0405 0342
D033371993: 0445 0403 0358 0342
D061104075: 0457 0435 0389 0379 0341
D094298888: 0462 0380 0341
D076774270: 0393 0382 0340
D073526650: 0351 0415 0340
D027886724: 0452 0447 0339
D027144404: 0411 0377 0337
D0895111: 0406 0390 0451 0361 0440 0384 0353 0340 0336
D057172378: 0433 0393 0336
D060850034: 0421 0369 0336
D008696397: 0432 0394 0334
D066298960: 0425 0335 0380 0334
D045566639: 0441 0380 0334
D068386955: 0449 0442 0397 0333
D0972669: 0453 0334 0333
D0545151: 0429 0391 0332
D0542104: 0403 0384 0332
D027465059: 0379 0353 0332
D079273763: 0464 0368 0332
