D0785473: 0405 0342 0335 0244 0241
D0775549: 0447 0430 0353 0312 0395 0265 0250 0241
D094695601: 0416 0338 0241
D046738141: 0443 0334 0258 0270 0241
D071909820: 0443 0351 0333 0262 0310 0250 0420 0241
D0598258: 0441 0260 0343 0316 0299 0241
D0659591: 0323 0322 0335 0317 0241
D007053641: 0446 0439 0420 0394 0241
D0719996: 0462 0341 0241
D052005718: 0461 0457 0241 0409 0357 0310
D075247256: 0377 0399 0339 0362 0240
D061000346: 0461 0465 0266 0255 0240
D095066806: 0396 0277 0274 0338 0240
D078334625: 0425 0412 0280 0265 0240
D0777637: 0415 0271 0381 0240
D001051445: 0413 0396 0240
D002750439: 0370 0254 0366 0356 0240
D018437706: 0454 0422 0346 0248
D083442070: 0448 0407 0240
D057904726: 0376 0362 0240
D029658596: 0399 0278 0273 0266 0318 0384 0240
D091676979: 0418 0359 0332 0318 0240
D003852613: 0382 0317 0240
D076379369: 0284 0318 0240
D017290845: 0325 0283 0239
D0581541: 0438 0426 0372 0405 0247 0341 0252 0359 0239
D004556473: 0429 0407 0239
D0716322: 0430 0239 0281 0337 0393 0279 0253
D024164696: 0386 0267 0251 0239
D092433427: 0439 0384 0315 0463 0386 0305 0269 0239
D0500436: 0419 0383 0411 0260 0239
D043866090: 0398 0321 0284 0239 0281 0253
D005180868: 0375 0239
D051292270: 0361 0292 0267 0239
D0747758: 0390 0368 0296 0325 0239 0272 0243
D078533851: 0422 0292 0239
D096885321: 0351 0329 0257 0241 0239
D096975732: 0424 0392 0456 0299 0239
D096982891: 0338 0321 0456 0239
D048290012: 0459 0398 0321 0267 0313 0239
D085014114: 0342 0413 0383 0274 0239
D0608545: 0418 0388 0443 0345 0239
D0990821: 0458 0421 0338 0318 0301 0457 0238 0297 0286 0303
D0932062: 0430 0395 0366 0271 0238
D0800435: 0441 0437 0434 0432 0238 0429 0373 0242 0295
D065326848: 0391 0338 0238
D071326719: 0451 0440 0400 0365 0281 0252 0238
D0635909: 0337 0307 0238
D0745904: 0438 0308 0294 0238 0278 0377
D050159185: 0426 0384 0361 0259 0370 0238
D022214652: 0317 0302 0248 0238
D0540860: 0372 0240 0462 0238
D0789353: 0438 0297 0238
D061442443: 0381 0339 0238
D0635052: 0373 0376 0300 0265 0248 0314 0238
D092953598: 0431 0457 0238 0429 0347 0426 0357
