D061159648: 0409 0435 0243 0185 0384 0174 0389 0132 0234 0249 0123
D007687495: 0404 0209 0184 0423 0267 0207 0123
D0955324: 0326 0391 0332 0313 0185 0394 0123
D038342356: 0417 0343 0376 0409 0327 0290
D0976935: 0390 0155 0315 0173 0122
D022692153: 0403 0458 0371 0323 0343 0160 0221 0174 0277 0165
D014570032: 0153 0358 0211 0146 0122
D098328765: 0130 0326 0435 0446 0318 0254
D0931640: 0316 0310 0269 0251 0457 0150 0122
D024366373: 0412 0307 0234 0192 0122 0162 0142 0164 0261 0133
D068031039: 0285 0217 0241 0209 0273 0435 0122
D044671853: 0127 0352 0229 0198 0122
D003036143: 0348 0306 0185 0273 0122
D050535538: 0390 0289 0423 0122
D0783980: 0393 0258 0180 0354 0122
D011069003: 0337 0326 0277 0122
D017914079: 0335 0203 0200 0182 0137 0189 0122
D044473211: 0463 0344 0442 0164 0429 0217 0123 0293 0122
D0906998: 0444 0380 0431 0432 0245 0371 0122
D0808261: 0459 0455 0363 0326 0122 0266 0317 0201 0147
D034843321: 0348 0317 0311 0229 0122
D0917891: 0379 0294 0386 0166 0122
D033617701: 0405 0298 0149 0130 0122
D059799238: 0265 0242 0122
D067439638: 0402 0141 0330 0200 0337 0321 0122
D0816959: 0381 0342 0318 0275 0276 0210 0293 0200 0122
D0647487: 0457 0381 0325 0324 0151
D069295331: 0422 0278 0169 0151 0306 0212 0196 0458 0283 0122
D017297509: 0399 0389 0332 0319 0238 0306 0235 0358 0122
D0978700: 0428 0308 0253 0293 0219 0199 0135 0122
D092970090: 0364 0141 0190 0122
D080598046: 0409 0366 0235 0226 0331 0151 0122
D082215309: 0437 0404 0308 0285 0122
D029020379: 0440 0390 0338 0280 0122
D058894378: 0454 0348 0325 0257 0141 0132 0187 0123 0122
D074390533: 0171 0199 0122
D0575545: 0300 0165 0315 0131 0122
D0929525: 0412 0288 0280 0401 0122
D043896974: 0321 0462 0271 0122 0437 0156
D051159368: 0440 0227 0150 0122
D0521217: 0217 0408 0208 0371 0122
D0826661: 0318 0461 0276 0238 0222 0175 0163 0177 0122
D000217224: 0432 0185 0146 0122
D0699919: 0419 0414 0455 0267 0256 0122 0382 0229
D075349165: 0282 0132 0368 0196 0122
D0766053: 0454 0434 0324 0311 0122 0304 0142
D052816468: 0461 0366 0122
