D028962564: 0271 0278 0236 0149 0122
D0823437: 0447 0417 0397 0183 0310 0241 0271 0396 0122
D072346013: 0226 0207 0144 0122
D0676370: 0218 0223 0122
D0649642: 0408 0337 0222 0171 0122
D049867336: 0301 0282 0198 0122
D0545522: 0457 0332 0145 0430 0122
D0884927: 0416 0318 0313 0220 0312 0205 0229 0122
D076344961: 0377 0359 0321 0267 0122
D0977208: 0388 0322 0277 0228 0259 0295 0204 0189 0122
D0734248: 0441 0418 0194 0393 0347 0317 0122
D0744445: 0403 0371 0331 0222 0132
D011916710: 0463 0387 0305 0267 0183 0391 0166 0122
D086080231: 0419 0367 0415 0346 0319 0394 0195
D0809580: 0399 0326 0446 0299 0143 0323 0122
D071218298: 0460 0334 0252 0135 0122
D0893663: 0438 0405 0122 0304 0174 0145 0257
D052933783: 0460 0372 0408 0321 0122 0218 0332 0155 0147
D037431082: 0369 0384 0312 0122
D0870746: 0328 0214 0132 0403 0122
D062202879: 0407 0348 0338 0312 0230 0430 0206 0198 0122
D032086621: 0400 0391 0380 0240 0130 0199 0122
D0969119: 0376 0278 0122
D0637286: 0224 0378 0220 0198 0122
D021623332: 0380 0372 0305 0403 0223 0122 0218 0149 0199 0146
D028106005: 0387 0287 0272 0378 0122
D0590270: 0319 0312 0127 0449 0122
D042783244: 0122 0233 0342 0247 0166 0357 0273
D033267036: 0445 0343 0235 0394 0328 0307 0137 0291 0400 0274 0378 0352 0122
D066722021: 0387 0221 0149 0198 0122
D052590450: 0443 0449 0398 0381 0282
D021498282: 0436 0172 0281 0123 0460 0223 0458 0122
D0861505: 0416 0315 0265 0122 0179 0348 0143 0167
D0668652: 0397 0230 0150 0211 0122
D0632574: 0460 0242 0127 0126 0122
D087936711: 0412 0309 0308 0406 0122 0266 0159 0131
D0679342: 0427 0387 0200 0194 0378 0122 0360 0184
D078366251: 0299 0128 0201 0186 0409 0212 0145 0122
D076785870: 0439 0366 0307 0302 0301 0162 0122
D062393041: 0387 0357 0408 0292 0135 0122
D0929486: 0453 0269 0370 0188 0122
D066618966: 0368 0360 0122
D073819011: 0185 0180 0446 0367 0122
D0969129: 0388 0337 0262 0311 0434 0308 0300 0122
D088525013: 0435 0303 0352 0190 0122
D0524716: 0452 0396 0122
D054146969: 0292 0303 0271 0261 0205 0200 0285 0153 0167 0288 0225 0122
