D045174933: 0424 0361 0196 0122
D0632114: 0370 0295 0367 0257 0458 0122
D0898292: 0465 0454 0386 0335 0188 0231 0169 0128 0435 0122
D040599953: 0408 0364 0443 0122 0383 0271
D0896656: 0336 0252 0122
D0769893: 0457 0203 0172 0151 0425 0410 0121
D084016454: 0416 0121 0300 0293 0370 0249
D0836697: 0344 0269 0206 0166 0213 0154 0410 0121
D0807512: 0436 0422 0421 0162 0382 0285 0132 0121
D088476308: 0450 0363 0121
D037534752: 0271 0242 0237
D0929534: 0243 0210 0424 0166 0236 0145 0121
D0745170: 0351 0304 0273 0242 0169 0326 0156 0132 0142 0121
D034331156: 0248 0238 0121
D053926708: 0465 0359 0291 0228 0121
D0806448: 0441 0204 0157 0228 0121
D0862535: 0441 0362 0236 0255 0386 0305 0129 0121
D017906302: 0399 0396 0229 0231 0224 0200 0121
D0966637: 0413 0391 0150 0121
D0647400: 0370 0244 0161 0429 0121
D0959617: 0402 0196 0176 0309 0121
D0841353: 0401 0342 0177 0210 0453 0140 0121
D0989953: 0440 0459 0315 0306 0121 0145 0294 0289 0157
D0985330: 0310 0373 0292 0431 0208 0220 0198 0185 0425 0121
D030641044: 0387 0344 0320 0185 0247 0164 0270 0121
D0599231: 0327 0279 0132 0152 0320 0304 0126 0121
D081983667: 0462 0401 0351 0336 0326 0121
D071899312: 0426 0244 0374 0412 0407 0286 0332 0248 0342 0173 0168 0121
D098325993: 0277 0158 0148 0282 0376 0121
D0956366: 0354 0171 0311 0230 0132 0465 0121
D085776036: 0360 0224 0200 0160 0121
D093072243: 0464 0264 0360 0341 0270 0121
D037702809: 0441 0130 0121
D063506860: 0426 0254 0213 0121
D086387385: 0357 0348 0283 0393 0121
D069034107: 0453 0355 0194 0338 0171 0250 0121
D028515869: 0434 0421 0453 0452 0352 0121 0323 0190
D0784029: 0345 0186 0319 0277 0408 0178 0339 0121
D054999039: 0405 0283 0160 0121
D0579040: 0287 0429 0412 0250 0121
D039464767: 0370 0258 0209
D0524041: 0402 0313 0318 0181 0139
D006671716: 0302 0375 0121 0294 0123 0122
D0613776: 0305 0355 0303 0304 0283 0202 0187 0268 0121
D0636464: 0408 0303 0267 0256 0121
D0580320: 0390 0316 0387 0271 0121
D0694758: 0429 0307 0230
D051641238: 0438 0295 0356 0136 0121
D0745827: 0456 0399 0169 0453 0121
D0906916: 0134 0126 0121
