D078809697: 0443 0440 0369 0047 0228 0170 0006
D0720545: 0408 0260 0363 0156 0016
D0534699: 0445 0318 0463 0031 0312 0261 0145 0029
D0664957: 0060 0458 0242 0129 0001
D0988697: 0433 0183 0443 0162 0149 0134 0037 0146 0003
D0600989: 0317 0145 0090 0069 0159 0034 0022
D047964907: 0426 0304 0038
D003944998: 0328 0101 0361 0009 0008
D085255111: 0448 0404 0329 0184 0276 0172 0297 0169 0126
D043713691: 0235 0205 0145 0049
D076119415: 0383 0357 0334 0284 0260 0044 0261 0251 0397 0038 0016
D073487999: 0444 0367 0358 0349 0251 0016
D099910235: 0341 0255 0306 0080 0191 0463 0133 0064
D056412130: 0370 0314 0311 0297 0130 0091 0085 0273 0043
D0659058: 0385 0259 0210 0105 0306 0008 0101 0075
D021962257: 0453 0206 0256 0016 0068 0390 0030
D068449490: 0240 0419 0372 0050 0351 0033
D0770764: 0388 0381 0370 0407 0050
D0816151: 0464 0421 0310 0138 0286 0340 0165 0075 0044
D031775830: 0090 0077 0145 0142 0053
D087730067: 0443 0287 0066 0466 0030
D0883407: 0186 0163 0099
D0740026: 0456 0449 0240 0353 0243 0359 0085
D0633044: 0462 0456 0274 0444 0243 0042
D003269657: 0256 0235 0254 0210 0118 0029
D027576786: 0355 0349 0266 0141 0269 0345 0200 0274 0098
D027441503: 0373 0141 0283 0079 0253 0021
D032294408: 0465 0389 0385 0262 0329 0074 0060
D096987988: 0408 0079 0253 0032 0106 0016
D0639359: 0400 0360 0194 0388 0298 0120 0083 0038
D038454653: 0352 0272 0256 0311 0251 0068
D0972457: 0371 0412 0250 0140 0072
D0613576: 0402 0259 0237 0204 0349 0176 0045 0027
D085332607: 0448 0384 0115 0354 0250 0016
D0775467: 0411 0144 0360 0064 0010
D0674939: 0441 0300 0231 0216 0126
D055813686: 0415 0384 0356 0334 0094 0201 0038 0029
D012136896: 0428 0303 0046 0161 0154 0107 0262 0051
D0581638: 0464 0184 0155 0088 0041
D0518266: 0392 0310 0296 0175 0156 0092 0441 0063 0016
D057182216: 0311 0265 0402 0254 0016 0120 0225 0061 0091 0023
D056680249: 0404 0352 0307 0174 0150
D0737550: 0396 0247 0153 0128 0267 0461 0365 0111
D000529372: 0408 0376 0346 0336 0314 0159 0026 0153 0248 0147
D096336762: 0346 0070 0220 0018 0013
