D0579078: 0306 0299 0266 0247 0121
D0659483: 0406 0322 0265 0155 0121
D070839531: 0438 0331 0295 0248
D034154038: 0422 0441 0385 0303 0247 0149 0256 0121
D0616540: 0421 0321 0286 0155 0335 0136 0152 0121
D007989131: 0464 0389 0388 0211 0121 0168 0243 0148 0140
D0725460: 0464 0461 0363 0277 0462 0412 0121
D0974223: 0223 0217 0214 0136 0177 0128 0121
D086366557: 0144 0310 0121
D096042434: 0419 0401 0324 0153 0121
D090045240: 0293 0369 0245
D0770153: 0413 0363 0404 0357 0227 0271 0453 0233 0410 0121
D085994676: 0442 0314 0352 0177 0121
D0714186: 0407 0363 0322 0277 0339 0146 0121
D076984525: 0311 0185 0144 0228 0121
D0549924: 0313 0266 0223 0320 0121
D005736492: 0345 0202 0148 0121
D016064263: 0405 0357 0155 0143 0121
D046918390: 0385 0267 0367 0361 0121 0331 0446 0148 0157 0272 0369 0337
D019500294: 0324 0270 0268 0121
D0931020: 0247 0275 0121
D061199644: 0454 0412 0121
D061818040: 0464 0350 0322 0363 0290 0196 0133
D016774711: 0214 0314 0416 0427 0403 0413 0328 0318 0434 0121 0453 0281 0248
D070163223: 0438 0398 0121
D078978591: 0384 0312 0235 0225 0456 0150 0375 0121
D009562738: 0451 0263 0162 0215 0121
D014252518: 0264 0395 0122 0250 0121
D0872148: 0312 0187 0177 0167 0121
D000689816: 0426 0279 0181 0121
D012186808: 0382 0367 0277 0255 0425 0121 0272 0149
D0514635: 0441 0430 0262 0126 0121
D084785831: 0457 0436 0408 0219 0410 0121 0127 0275 0226
D058813447: 0432 0316 0273 0160 0121
D0672861: 0446 0303 0417 0289 0121
D044292775: 0328 0249 0344 0298 0217 0326 0130 0121
D042824190: 0390 0306 0132
D080751731: 0428 0416 0342 0355 0308 0121
D062097512: 0452 0307 0421 0325 0317 0121
D040607078: 0430 0414 0394 0377 0135 0331 0225 0220
D0713796: 0281 0271 0223 0120 0219 0161 0284 0234
D010414941: 0352 0344 0282 0191 0143 0120
D028769439: 0462 0432 0347 0179 0135 0187 0169 0120
D008998668: 0390 0283 0371 0337 0203 0120
D0525022: 0359 0243 0394 0252 0120
D0956660: 0216 0398 0212 0160 0151
D0976597: 0395 0369 0316 0251 0120
D090856976: 0446 0265 0431 0138 0141 0398 0288 0201
