D0923365: 0261 0142 0206 0367 0198 0287 0256 0120
D053801692: 0328 0416 0401 0220 0120
D023720787: 0277 0219 0184 0120
D066913511: 0167 0409 0120
D082902704: 0378 0268 0120
D0932397: 0442 0120 0237 0435 0396 0343 0211
D091688798: 0396 0365 0230 0120
D013713188: 0395 0376 0346 0341 0131 0120
D055980289: 0346 0349 0270 0269 0158 0338 0120
D077569691: 0431 0423 0288 0260 0170 0120
D0907934: 0411 0361 0359 0331 0120
D0650183: 0388 0306 0264 0218 0120 0132 0231
D0607112: 0321 0176 0172 0294 0120
D074800582: 0375 0268 0120
D0779652: 0335 0185 0247 0182 0120
D032006636: 0445 0464 0245 0120
D059211983: 0143 0231 0120
D004990321: 0321 0387 0280 0166 0120
D019269535: 0349 0292 0159 0155 0361 0120
D070171815: 0457 0444 0120 0237 0154 0366 0336
D055203142: 0284 0141 0394 0120
D0595016: 0274 0257 0254 0310 0250 0241 0171 0361 0120
D0740749: 0412 0353 0240 0271 0266 0178 0120
D010020166: 0440 0378 0198 0156 0120
D0630296: 0336 0294 0283 0141 0269 0439 0230 0120
D0549734: 0320 0461 0316 0312 0120
D068031718: 0316 0211 0176 0387 0141 0120
D077323255: 0379 0357 0260 0190 0375 0306 0120
D0650291: 0418 0232 0250 0452 0383 0126 0248 0120
D0960965: 0399 0332 0315 0298 0227 0126 0202 0375 0191 0120
D064124261: 0418 0227 0185 0162 0120
D049752243: 0425 0263 0394 0393 0352 0305 0142 0160 0133 0187 0237 0120
D0996014: 0423 0262 0174 0187 0120
D042585343: 0448 0380 0412 0411 0267 0120
D014448072: 0393 0213 0281 0162 0120
D061426429: 0362 0255 0166 0246 0269 0157 0364 0153
D0616864: 0292 0192 0120
D007946127: 0282 0391 0354 0131 0120
D0833490: 0341 0320 0317 0384 0120
D035377368: 0339 0206 0183 0232 0138
D066766476: 0418 0278 0274 0146 0350 0120
D028099888: 0232 0193 0219 0310 0183 0152
D0761836: 0345 0373 0340 0158 0120
D011701651: 0458 0351 0316 0221 0131 0389 0120
D028701682: 0430 0162 0358 0277 0324 0120
D054279018: 0423 0358 0268 0385 0120
D054060586: 0395 0346 0226 0375 0167 0137 0120
D0639750: 0328 0315 0256 0251 0221 0345 0201 0120
D0609731: 0361 0332 0307 0124 0120
D036061518: 0426 0359 0342 0256 0185 0350 0120
