D014080470: 0275 0237 0303 0192 0120
D055254571: 0411 0237 0362 0120
D098921652: 0303 0291 0120
D0887328: 0376 0332 0120 0200 0369 0199 0189
D0766352: 0304 0235 0213 0380 0190 0151 0142 0345 0120
D052526855: 0440 0395 0337 0265 0120
D042255642: 0464 0422 0250 0440 0329 0124 0120
D038852824: 0457 0170 0363 0147 0120
D094157956: 0411 0326 0457 0180 0127
D029040810: 0440 0339 0182 0178 0141 0264 0120
D090636219: 0457 0235 0120
D0624412: 0239 0173 0120
D064303925: 0226 0206 0177 0439 0120
D050528424: 0395 0120 0389 0227 0190 0162
D0913317: 0243 0237 0135 0267 0120
D082778590: 0368 0355 0307 0184 0246 0189 0120
D048549424: 0366 0346 0432 0324 0422 0278 0188 0215 0222 0120
D048845625: 0395 0317 0218 0156 0120
D0942477: 0213 0188 0443 0398 0122 0125 0120 0119
D047957497: 0123 0208 0119
D0763153: 0343 0286 0300 0294 0235 0461 0366 0165 0119
D0706175: 0398 0439 0380 0359 0257 0365 0119
D0693539: 0307 0420 0294 0391 0202 0119
D065323618: 0366 0319 0290 0363 0454 0272 0119
D088345536: 0323 0292 0272 0119
D074616084: 0352 0300 0438 0242 0119
D0724215: 0378 0410 0294 0151 0144 0221 0200 0119
D0588876: 0439 0424 0197 0160 0250 0169 0119
D095594989: 0436 0369 0293 0320 0207 0147 0130 0119
D0567690: 0396 0272 0208 0150 0119
D068183721: 0300 0205 0443 0382 0358 0346 0174 0119
D032254983: 0277 0458 0443 0189 0214 0153 0119
D081138692: 0370 0302 0145 0272 0247 0119
D015438508: 0363 0193 0380 0271 0158 0200 0197 0119
D0647256: 0312 0209 0190 0185 0172
D032968569: 0426 0370 0331 0387 0261 0228 0216 0301 0182 0119
D089817438: 0412 0270 0254 0132 0119
D090049675: 0377 0324 0183 0321 0141 0179 0119
D0938093: 0368 0358 0225 0214 0119
D0686318: 0385 0284 0411 0176 0314 0120 0379 0253 0119
D056718782: 0404 0442 0430 0142 0257 0119 0231 0327 0305
D099630461: 0233 0199 0119
D0982905: 0446 0454 0414 0216 0402 0206 0328 0119
D021255885: 0331 0263 0125 0269 0119
D0743170: 0275 0219 0221 0119
D088971728: 0388 0300 0119
D0658716: 0460 0451 0276 0197 0119
D066712268: 0455 0435 0318 0156 0119
D0974011: 0403 0356 0323 0205 0309 0282 0244
