D0680499: 0466 0417 0292 0141 0431 0035
D055705585: 0386 0298 0241 0171 0257 0021 0144 0047 0014
D053861528: 0267 0346 0113 0014
D0758753: 0257 0222 0350 0338 0137
D057755250: 0372 0350 0180 0280 0173 0136 0400 0133 0048
D020190651: 0410 0319 0178 0128 0391 0111 0304 0264 0014 0099 0074
D0625483: 0275 0465 0303 0160 0044
D0844548: 0462 0328 0429 0276 0364 0084 0400 0157 0302 0046 0043 0007
D000778411: 0444 0372 0339 0380 0318 0276 0221 0174 0313 0132 0399 0093 0004
D0670647: 0315 0461 0385 0246 0420 0168 0087 0256 0014
D069077548: 0223 0220 0111 0184 0358 0154
D018001341: 0465 0377 0290 0263 0015 0036 0218 0193 0042
D0881574: 0414 0369 0354 0156 0004
D013185664: 0324 0273 0224 0218 0180 0098 0363 0337 0005 0076 0127
D0659363: 0465 0464 0390 0220 0138 0453 0092 0014
D006588090: 0412 0203 0408 0113
D028198918: 0194 0251 0046
D060414441: 0417 0386 0299 0235 0176 0167 0132 0037
D010164112: 0458 0368 0364 0361 0438 0337 0336 0088 0184 0377 0009
D0978599: 0378 0346 0287 0009 0336 0067 0004
D025518030: 0440 0353 0453 0378 0352 0097 0199 0214 0119 0372 0007
D0975501: 0372 0289 0284
D077006431: 0311 0171 0096 0152 0086 0071
D069910289: 0427 0054 0361 0257 0409 0012
D002330501: 0462 0457 0279 0229 0171 0017 0008
D002404547: 0387 0246 0366 0306 0199 0014
D050886562: 0430 0399 0392 0288 0368 0173 0069
D086657037: 0440 0274 0195
D054498280: 0369 0135 0180 0103 0146 0096
D0720620: 0337 0318 0307 0249 0090 0081 0065 0033 0022
D014575235: 0465 0444 0269 0406 0205
D0778282: 0453 0313 0269 0248 0257 0177 0160
D051343286: 0426 0149 0055 0352 0243 0036 0166 0224 0017
D0870917: 0228 0112 0230 0104 0092
D033414898: 0121 0304 0261 0255 0325 0166 0206 0201 0309 0171 0375 0323
D028306818: 0261 0073 0447 0450 0211 0385
D051116811: 0427 0148 0199 0069 0357 0011
D018498943: 0089 0166 0106 0028
D0968553: 0408 0319 0115 0257 0213 0440 0081
D013653972: 0282 0166 0278 0241 0295 0186 0329 0172 0007 0083 0298 0076
D011298717: 0378 0057 0342 0055 0042 0009
D098109241: 0257 0289 0234 0224 0071
D0787511: 0401 0344 0331
