D033573083: 0305 0463 0274 0250 0176
D0868390: 0378 0341 0152 0269 0119
D078663077: 0290 0215 0169 0137 0135 0186 0119
D030975002: 0387 0195 0251 0181 0185 0442 0366
D0709949: 0438 0392 0294 0275 0163 0181 0123 0119
D038757235: 0459 0383 0353 0411 0250 0119
D087247107: 0447 0294 0120 0140 0119
D032379082: 0135 0456 0397 0119
D034524053: 0428 0403 0346 0382 0381 0119
D0909508: 0426 0306 0186 0135 0175 0441 0165 0277 0185 0119
D071213194: 0203 0126 0119
D006878030: 0388 0363 0274 0325 0319 0121 0119
D073522744: 0335 0326 0298 0203 0223 0454 0146 0201 0279 0119
D0704715: 0419 0217 0447 0202 0132
D0843323: 0378 0293 0464 0192 0119
D0949027: 0321 0352 0257 0138 0119
D004583622: 0460 0434 0309 0452 0264 0237 0176 0158 0119
D068722104: 0382 0264 0247 0221 0119
D065274088: 0383 0324 0277 0332 0206 0136 0201 0119
D020081256: 0386 0330 0337 0318 0198 0119 0279 0232 0230
D0859824: 0370 0212 0401 0119 0196 0180 0129
D045126475: 0395 0312 0119
D0502051: 0294 0267 0119
D066292425: 0462 0334 0251 0204 0352 0288 0119
D0823915: 0374 0119 0280 0272 0235 0287
D0845276: 0340 0160 0120 0119
D012776283: 0255 0356 0336 0217 0119
D092260382: 0459 0448 0176 0306 0119 0413 0271
D0743463: 0438 0357 0228 0218 0165 0138 0208 0200 0119
D077059406: 0427 0386 0354 0220 0123 0119
D097043386: 0301 0164 0291 0157 0119
D027490549: 0436 0457 0427 0383 0303 0156 0145 0134 0155 0119
D0822810: 0262 0229 0130 0183 0261 0151 0320 0179 0163
D049370669: 0400 0336 0322 0363 0215 0209 0119
D011493280: 0385 0264 0260 0119
D084047670: 0322 0289 0240 0209 0119
D0652072: 0421 0350 0270 0170 0119
D069368103: 0431 0462 0384 0290 0244 0219 0289 0340 0144
D032566338: 0181 0169 0119
D072432976: 0395 0150 0119
D0719344: 0345 0304 0148 0266 0300 0119
D0937560: 0439 0372 0135 0326 0403 0392 0278 0229 0119
D021904080: 0408 0404 0356 0248 0332 0254 0119
D060200631: 0361 0326 0203 0119 0194 0242
D0601141: 0447 0391 0300 0456 0319 0395 0183 0119
D045707711: 0445 0419 0414 0369 0331 0374 0291 0119
D0560440: 0133 0220 0432 0181 0456 0169 0119
D048141307: 0395 0319 0288
