D0931793: 0435 0413 0319 0189 0119
D064266800: 0402 0126 0162 0266 0245 0119
D032242171: 0454 0382 0276 0248 0219 0119
D0691276: 0435 0420 0389 0268 0256 0165 0147 0197 0390 0119
D0884914: 0459 0338 0316 0281 0233 0119 0196 0232
D0897942: 0352 0260 0327 0203 0119
D068587123: 0206 0377 0242 0214 0289 0200 0119
D051217983: 0389 0364 0317 0214 0119
D049487411: 0340 0306 0451 0293 0218 0295 0188 0119
D0960936: 0371 0170 0319 0168 0119
D051262099: 0408 0281 0430 0165 0120 0269 0197 0119
D025668568: 0462 0303 0458 0119
D0892483: 0154 0408 0397 0328 0119
D0556195: 0381 0216 0119
D0774394: 0372 0354 0295 0229 0213 0128 0119
D0999916: 0376 0409 0137
D064100678: 0271 0248 0392 0203 0126 0282 0279 0119
D0830401: 0431 0382 0320 0413 0119 0285 0461 0248 0164
D094861945: 0395 0379 0208 0122 0148 0145 0459 0448 0163 0173 0119
D026537733: 0257 0212 0119
D0697981: 0404 0119 0390 0129 0160 0304
D0609084: 0454 0131 0417 0119 0282 0124
D0604098: 0354 0218 0184 0229 0199 0119
D001194203: 0119 0247 0387 0195 0268 0169 0370 0132
D0947399: 0299 0257 0119 0231 0389 0219 0140
D0826689: 0413 0325 0286 0270 0119
D0693282: 0447 0188 0119
D061503977: 0349 0295 0122 0246 0119
D067543113: 0440 0418 0183 0365 0119
D029911615: 0420 0278 0241 0182 0119
D087106404: 0303 0209 0136 0118
D0956600: 0445 0344 0311 0303 0162 0448 0118 0185 0155
D015199614: 0379 0338 0331 0287 0233 0193 0137
D097292395: 0331 0330 0231 0297 0424 0184 0438 0369 0299 0118
D038743054: 0356 0295 0294 0236 0345 0118
D095275024: 0297 0179 0118
D071105413: 0118 0134 0315 0168 0442 0332
D031169875: 0459 0438 0264 0410 0224 0385 0325 0436 0292 0287 0261 0118 0279
D026253923: 0464 0462 0436 0210 0118
D0808071: 0456 0452 0359 0327 0318 0315 0118
D011575320: 0412 0392 0302 0220 0176 0118
D024237222: 0455 0340 0385 0252 0128 0118
D016000117: 0405 0298 0184 0118
D0752522: 0141 0368 0343 0449 0432 0308 0118
D014414480: 0289 0362 0233 0196 0299 0118
D067708789: 0410 0406 0162 0161 0133 0118
D0727978: 0217 0190 0146 0179 0118
D097284413: 0312 0274 0182 0168 0235 0120 0118
