D077594341: 0452 0455 0388 0175 0121 0118
D064969602: 0453 0165 0438 0119 0118
D0986505: 0330 0423 0290 0272 0355 0271 0225
D095714684: 0196 0310 0170 0304 0118
D031582520: 0399 0398 0368 0342 0332 0319 0314 0353 0158 0287 0324 0118
D0941170: 0417 0416 0402 0151 0459 0448 0118
D0538262: 0434 0342 0219 0242 0118
D062012843: 0352 0340 0118
D096715604: 0399 0215 0133 0118
D015818065: 0431 0321 0294 0395 0258 0158 0118
D0730810: 0409 0183 0365 0335 0118
D0892993: 0369 0302 0247 0183 0254 0155 0118
D011903543: 0424 0119 0285 0275 0423 0408 0118
D041256145: 0436 0358 0289 0118
D053502193: 0350 0317 0300 0445 0289 0120 0237 0118 0171 0355 0242
D008327178: 0415 0446 0359 0272 0255 0252 0388 0434 0211 0177 0246 0118
D053742179: 0317 0294 0267 0392 0169 0118
D0808142: 0401 0329 0327 0358 0320 0237 0170 0419 0118
D073844587: 0418 0398 0290 0254 0185 0118
D0866490: 0424 0368 0340 0372 0118
D048635332: 0435 0361 0334 0318 0278 0170 0118
D0754378: 0289 0263 0152 0119 0118
D060361844: 0453 0358 0305 0278 0248 0301 0182 0177 0118
D0765251: 0458 0382 0150 0297 0330 0295 0284 0309 0118
D018637755: 0384 0296 0285 0422 0268 0118
D0549736: 0309 0325 0217 0443 0118
D036372010: 0333 0156 0136 0299 0143 0118
D004063063: 0446 0174 0432 0406 0162
D025466768: 0428 0267 0459 0118
D0807130: 0462 0373 0344 0301 0294 0281 0118 0134 0251 0180
D002032207: 0457 0388 0345 0341 0118 0277 0141 0179
D0938479: 0434 0423 0362 0258 0247
D0664774: 0377 0203 0330 0311 0254 0118
D0876142: 0429 0410 0368 0340 0423 0408 0118
D0500771: 0422 0118 0198 0161 0151 0229 0137
D0592628: 0417 0249 0118
D027309551: 0410 0118 0367 0282 0234 0415 0124
D077946232: 0435 0417 0452 0241 0118
D037817022: 0389 0375 0118
D006532703: 0442 0325 0118
D069583063: 0354 0212 0118
D066330974: 0355 0388 0318 0290 0346 0118
D000309011: 0424 0340 0283 0202 0195 0313 0118
D0588640: 0425 0378 0304 0433 0301 0268 0229 0299 0118
D0928270: 0426 0351 0368 0340 0156 0118
D048372145: 0458 0182 0342 0216 0431 0151 0118
D0574839: 0430 0417 0356 0138 0118
