D030750937: 0449 0385 0359 0271 0275 0428 0269 0278 0252 0238
D025295214: 0461 0421 0389 0288 0267 0238
D0663825: 0439 0322 0290 0278 0238
D002595924: 0439 0352 0330 0304 0238
D044333102: 0409 0301 0351 0238
D084567482: 0455 0435 0238
D0827906: 0458 0350 0339 0328 0284 0380 0271 0237
D061295292: 0360 0332 0319 0310 0237
D0926456: 0375 0374 0364 0322 0237
D0569174: 0431 0387 0331 0308 0279 0237
D019651415: 0403 0398 0293 0289 0237
D027845738: 0464 0276 0252 0275 0237
D044187507: 0291 0272 0259 0237
D017339162: 0385 0333 0330 0237
D0708416: 0328 0325 0241
D071128023: 0446 0453 0237
D0832303: 0420 0402 0435 0378 0406 0312 0237
D0604802: 0283 0244 0309 0275 0236
D070006872: 0415 0370 0366 0427 0462 0236
D071371894: 0443 0360 0347 0236 0316 0274
D0587296: 0436 0262 0374 0253 0236
D0527208: 0441 0384 0294 0452 0236
D025535310: 0438 0370 0336 0278 0236
D064579443: 0458 0375 0236
D040021775: 0371 0316 0236
D0652626: 0339 0315 0245 0385 0235
D0583342: 0387 0438 0235 0292 0276 0273 0252
D0541296: 0370 0354 0241 0235
D0633735: 0408 0296 0447 0286 0235
D031051613: 0417 0349 0313 0273 0381 0235
D043703982: 0434 0329 0364 0355 0235
D0873105: 0339 0313 0369 0266 0235
D0924864: 0395 0360 0431 0258 0235
D0850475: 0438 0399 0420 0300 0235
D0732078: 0444 0423 0348 0265 0235
D083674389: 0466 0406 0235
D001147506: 0451 0349 0238 0252 0235
D063569254: 0340 0451 0251 0249 0235
D0615629: 0444 0311 0442 0235
D049233742: 0453 0354 0254 0460 0252 0234
D076893889: 0459 0335 0283 0384 0234
D0506443: 0465 0455 0293 0451 0393 0406 0234
D0994864: 0399 0316 0295 0390 0234
D074735402: 0403 0355 0234
D058743898: 0378 0374 0389 0290 0234
D0738677: 0459 0310 0355 0318 0234
D0550656: 0440 0377 0397 0337 0234
D0748950: 0400 0319 0397 0288 0233
D0963924: 0422 0298 0233
D022197733: 0451 0426 0453 0233 0358 0270 0241 0234
D081070121: 0455 0244 0233
D007160301: 0365 0320 0273 0233
D0855129: 0456 0444 0261 0257 0233
D0985607: 0421 0404 0343 0286 0285 0249 0233
D065717066: 0460 0345 0325 0332 0350 0233
D0717449: 0455 0418 0379 0313 0233
