D023478695: 0372 0338 0208 0220 0328 0117
D0583270: 0241 0155 0199 0128 0398 0360 0304 0124 0117
D0833377: 0352 0350 0347 0329 0247 0428 0151
D053552228: 0444 0291 0217 0351 0157 0202 0154 0117
D056074437: 0310 0278 0142 0122 0117
D0848640: 0340 0287 0224 0121 0117
D002984834: 0438 0373 0190 0149 0117
D084920522: 0457 0448 0385 0224 0117
D0540334: 0450 0302 0287 0366 0276 0240 0169 0331 0284 0117 0152 0371
D009510517: 0366 0459 0458 0269 0117
D030107625: 0384 0316 0241 0134 0117
D0796028: 0268 0129 0117
D062105378: 0430 0368 0419 0309 0275 0180 0128 0117
D0938949: 0434 0426 0453 0117 0288 0215 0144 0331 0192
D064493183: 0422 0311 0305 0201 0271 0117
D017848398: 0425 0394 0330 0424 0322 0199 0227 0174 0117
D023151741: 0379 0330 0314 0391 0274 0206 0193 0300 0168 0406 0117
D0849547: 0439 0434 0429 0422 0402 0218 0207 0117
D068376505: 0428 0196 0307 0117
D0735621: 0347 0297 0377 0230 0361 0139 0117
D012004683: 0446 0444 0435 0395 0219 0361 0427 0297 0187 0127
D039825865: 0362 0117 0218 0348 0284 0271
D061749061: 0425 0382 0158
D069418846: 0336 0171 0126 0117
D092115729: 0385 0136 0245 0117
D010815472: 0403 0236 0142 0214 0172 0129 0124 0117
D021358005: 0379 0205 0430 0391 0332 0257 0211 0176 0117
D015111630: 0135 0234 0353 0285 0406 0117
D0524098: 0336 0426 0335 0117 0304 0272 0265 0330 0151
D070071283: 0414 0412 0332 0117 0126 0304 0251
D0788833: 0459 0457 0395 0280 0390 0385 0320 0117
D053258502: 0393 0218 0158 0357 0117
D042059936: 0466 0423 0269 0381 0296 0206 0345 0289 0243 0117 0179 0127 0125
D081960200: 0416 0330 0244 0117
D049514735: 0310 0226 0273 0223 0123 0117
D048337724: 0363 0185 0315 0176 0274 0117
D0583596: 0452 0320 0325 0298 0117
D0771458: 0353 0363 0299 0293 0338 0148 0117
D074684748: 0427 0204 0153 0258 0117
D072058015: 0315 0459 0172 0117
D023475021: 0428 0404 0397 0223 0191 0453 0117
D0852755: 0186 0463 0284 0244 0117
D0509423: 0386 0185 0155 0117 0283 0310 0160
D001668865: 0282 0117 0225 0198 0135 0127
D063410358: 0274 0402 0391 0411 0294 0117
