D059300793: 0271 0432 0240 0218 0116
D057008660: 0333 0175 0315 0116
D011227137: 0209 0183 0161 0400 0407 0116
D057920382: 0343 0320 0249 0346 0227 0224 0429 0116 0178 0216 0191 0344 0290
D009685802: 0386 0340 0145
D049121605: 0456 0318 0181 0418 0116
D051139896: 0376 0346 0371 0116
D051718367: 0431 0258 0194 0204 0116
D077377661: 0390 0379 0329 0317 0313 0327 0269 0256 0116
D078426771: 0452 0382 0376 0342 0335 0171 0155 0206 0135 0116
D0895123: 0440 0326 0238 0195 0163 0285 0116
D027150733: 0464 0460 0428 0374 0364 0231 0228 0183 0116
D029917549: 0434 0274 0405 0414 0376 0305 0442 0245 0313 0139 0131 0116
D0682815: 0398 0446 0116 0363 0331 0242 0186
D0884031: 0395 0338 0149 0387 0115
D086343954: 0406 0383 0331 0405 0328 0297 0275 0227 0372 0205 0203 0115
D027244289: 0437 0396 0343 0448 0253
D084237170: 0448 0342 0115
D0976491: 0346 0279 0275 0260 0138 0375 0176 0131
D065979488: 0438 0343 0144 0119 0431 0115
D029095346: 0412 0316 0417 0223 0248 0162 0463 0115
D037174354: 0143 0457 0429 0125 0249 0247 0115
D047957411: 0349 0409 0380 0144 0115
D017018227: 0194 0244 0173 0434 0357 0163 0115
D032098495: 0423 0375 0425 0346 0404 0308 0456 0291 0115 0161 0141 0123 0361
D059333234: 0449 0346 0267 0261 0115
D033221069: 0394 0202 0466 0191 0115
D0934260: 0427 0347 0316 0120 0201 0123 0283 0386 0115
D0525717: 0448 0430 0365 0304 0115 0204 0208 0262 0191
D016338319: 0240 0135 0456 0130
D0769501: 0212 0199 0295 0247 0115
D045919909: 0437 0334 0302 0261 0115
D0515566: 0273 0260 0292 0215 0452 0207 0206 0115
D0683857: 0354 0308 0278 0250 0115
D006889968: 0405 0341 0307 0222 0115
D0676316: 0354 0251 0333 0124 0115
D016580428: 0280 0396 0212
D0761982: 0426 0419 0416 0399 0326 0301 0119 0348 0115
D057949956: 0449 0148 0386 0194 0115
D0868666: 0415 0352 0333 0314 0283
D0959940: 0248 0282 0226 0213 0115
D068837143: 0421 0315 0155 0194 0153 0129 0128 0305 0115
D065026144: 0408 0430 0340 0204 0330 0179 0121
D0883958: 0438 0258 0115
D014638848: 0323 0320 0152
D095021041: 0334 0131 0165 0115
