D036464692: 0465 0366 0026 0153 0119 0084 0277 0007
D0573563: 0374 0173 0166 0128 0143 0392 0105 0022
D0834397: 0416 0337 0305 0393 0301 0128 0063 0303 0011
D046490773: 0432 0374 0018
D0585080: 0445 0359 0317 0038 0278 0175 0047 0009
D0654331: 0185 0106 0361 0096 0048
D0986559: 0293 0214 0173 0194 0193 0036 0023
D081425242: 0462 0135 0279 0105 0084
D089987049: 0465 0313 0230 0195 0154
D0522069: 0409 0291 0429 0253 0232 0044 0370 0314 0033
D054487864: 0393 0304 0326 0113 0027 0025
D097741206: 0159 0154 0127 0100
D085092938: 0192 0440 0216 0103 0070
D081403806: 0308 0222 0199 0301 0109 0219 0115 0248 0246 0013
D063245769: 0158 0077 0014
D086059664: 0242 0239 0147 0194 0011
D0640699: 0412 0179 0148 0434 0146
D0731841: 0391 0291 0006 0180 0403 0150 0073 0084
D091294098: 0333 0293 0246 0059 0162 0041
D086194167: 0425 0414 0384 0316 0056 0398 0320 0225 0139 0228 0163 0044 0012
D003786093: 0422 0392 0292 0197 0153 0020 0014 0008
D0596209: 0400 0386 0325 0414 0300 0224 0333 0169 0072 0014
D005385973: 0461 0386 0006
D036557585: 0341 0087 0272 0168 0229 0216 0155 0137 0226 0064 0189 0028
D0700609: 0402 0385 0406 0015 0218 0113 0052
D037957650: 0378 0143 0120
D085193079: 0356 0407 0235 0293 0219 0141 0125 0060 0037 0358 0015
D0559460: 0430 0402 0202
D081301379: 0241 0145 0179 0051 0011
D0843477: 0381 0186 0180 0136 0127 0080 0076 0443 0015
D0626817: 0462 0439 0212 0312 0459 0434 0193 0183 0006
D008163202: 0338 0151 0110 0256 0250 0053
D0826750: 0464 0398 0373 0355 0240 0454 0011 0212 0128
D041996034: 0394 0338 0320 0449 0432 0307 0083 0035 0078 0070
D015734419: 0392 0388 0288 0224 0041
D007080555: 0395 0312 0405 0249 0194 0369 0178 0038 0036
D0645868: 0267 0296 0080 0057 0015
D004806943: 0300 0317 0287 0161 0404 0029
D017909723: 0290 0241 0200 0188 0013
D076165566: 0408 0344 0101 0083 0397 0002
D0854327: 0439 0303 0260 0047 0280 0249 0224
D0818667: 0435 0334 0233 0369 0011
D057883274: 0191 0276 0104 0446 0015
D020828523: 0300 0433 0394 0231 0149 0337 0215 0291 0142 0387 0040
D028259015: 0324 0249 0345 0230 0032
