D097296430: 0433 0203 0223 0211 0129 0351 0115
D027615058: 0451 0430 0115 0387 0354 0134
D0920957: 0460 0438 0302 0122 0115
D0860824: 0453 0388 0311 0149 0127 0121 0356 0296 0115
D085750449: 0336 0186 0115
D041884034: 0392 0315 0263 0465 0115
D0625132: 0347 0323 0313 0270 0115
D0870733: 0399 0395 0354 0115
D055676069: 0453 0321 0220 0167 0115
D0731577: 0413 0401 0393 0384 0370 0144 0216 0432 0315 0167 0115
D003449042: 0462 0223 0373 0215 0175 0249 0115
D018867114: 0381 0300 0115
D0736431: 0434 0414 0397 0362 0115
D0875862: 0276 0209 0238 0133 0115
D099331160: 0382 0300 0299 0161 0115
D017662604: 0412 0342 0326 0276 0238 0232 0270 0209 0145 0161 0115
D0913070: 0408 0358 0187 0161 0128 0335 0255 0115
D0731299: 0417 0318 0463 0115 0195 0383 0362 0148 0140
D0791632: 0291 0190 0380 0156 0115
D003615867: 0362 0328 0326 0128 0115
D094043709: 0242 0426 0160 0115
D040716985: 0312 0147 0115
D093147385: 0451 0430 0308 0267 0436 0115
D003421147: 0281 0173 0279 0427 0253 0228 0115
D089918203: 0447 0408 0355 0168 0300 0156 0115
D044064105: 0423 0434 0309 0191 0241 0451 0370 0115
D086964395: 0373 0357 0302 0291 0285 0272 0183 0327 0115
D0745397: 0451 0256 0226 0195 0115
D001152319: 0416 0310 0384 0454 0306 0449 0224
D074058587: 0459 0447 0211
D077272645: 0169 0329 0136 0393 0123 0115
D0919281: 0335 0280 0445 0128 0264 0387 0115 0195 0125
D016121577: 0430 0325 0243 0151 0115
D0536257: 0223 0153 0115
D0542914: 0374 0352 0241 0127 0115
D0536329: 0356 0324 0281 0426 0115
D056066487: 0439 0206 0200 0456 0159 0153 0191 0143 0127 0115
D096570869: 0399 0359 0428 0315 0339 0239 0170 0233 0200 0174 0159 0152 0115
D090708541: 0440 0436 0128 0219 0345 0390 0247 0425 0212
D0501564: 0413 0362 0339 0256 0242 0271 0161 0400 0115
D011658559: 0378 0282 0431 0115
D022578303: 0462 0357 0298 0212 0115 0204 0157 0142
D0622945: 0458 0361 0115 0220 0177 0427 0187 0372 0171
D055085588: 0461 0419 0346 0364 0173 0281 0267 0149 0115
D071095691: 0454 0429 0294 0431 0115
D068696337: 0427 0421 0180 0326 0239 0115
D026876603: 0429 0211 0115
