D002550695: 0396 0251 0377 0133 0115
D088921907: 0433 0310 0346 0115 0138 0161
D052378201: 0126 0307 0115
D0629317: 0415 0358 0209 0205 0206 0131 0428 0115
D0931883: 0453 0338 0314 0175 0134 0171 0125 0269 0261 0115
D0872777: 0425 0337 0399 0285 0115
D058549926: 0218 0215 0174 0115
D029158911: 0408 0297 0191 0115
D0856546: 0404 0424 0340 0379 0396 0243 0188 0386 0115
D0807898: 0380 0379 0290 0277 0115
D0798458: 0344 0313 0289 0206 0180 0182 0115
D088564845: 0448 0379 0318 0119 0274 0115
D000037839: 0434 0115 0269 0152 0414 0127 0266
D079554565: 0230 0277 0115
D076375316: 0382 0115 0204 0423 0347 0123 0249
D070928914: 0458 0423 0292
D082447496: 0389 0360 0241 0153 0123 0368 0115
D027627945: 0454 0302 0200 0170 0125 0115
D041739969: 0392 0346 0378 0196 0115
D0547222: 0427 0384 0377 0306 0292 0288 0115 0286 0247
D025103618: 0459 0357 0283
D016344952: 0199 0244 0115
D037886400: 0435 0374 0331 0424 0229 0223 0185 0178 0115
D055462501: 0299 0283 0115
D064100845: 0461 0323 0309 0115
D086933193: 0353 0239 0283 0140 0130 0115
D0897175: 0426 0263 0233 0152 0132 0168 0115
D0695768: 0355 0169 0145 0396 0140 0262 0178 0386 0115
D089393932: 0429 0334 0235 0192 0115
D005161997: 0419 0202 0384 0380 0335 0302 0297 0451 0247 0170 0129 0285 0115
D028496922: 0448 0283 0362 0302 0206 0115
D049859652: 0342 0356 0250 0223 0125 0161 0295 0261 0115
D080596615: 0355 0167 0452 0304 0157 0115
D0634797: 0329 0238 0218 0185 0205 0251
D093925259: 0419 0308 0227 0176 0238 0124
D074248520: 0376 0357 0262 0115 0327 0322 0203
D004419402: 0416 0399 0325 0241 0323 0319 0227 0218
D0580887: 0422 0310 0264 0123 0115
D045701016: 0349 0115 0286 0201 0187 0142
D032967449: 0314 0163 0176 0159 0137 0386 0115
D041335543: 0338 0277 0115
D026785875: 0187 0182 0133 0115
D0578769: 0461 0425 0427 0379 0310 0373 0196 0115
D030372047: 0287 0326 0278 0209 0115
D032356007: 0366 0350 0250 0431 0115 0210 0333 0297 0159
D0581283: 0379 0251 0204 0158 0114
D024355896: 0447 0377 0363 0354 0399 0265 0228 0134 0114
D0728718: 0444 0329 0306 0330 0210 0180 0182 0114
