D0972235: 0248 0412 0236 0130 0114
D037623531: 0397 0350 0375 0259 0386 0114
D054112384: 0360 0133 0114
D0837719: 0442 0312 0260 0413 0114
D0747350: 0268 0140 0114
D090111235: 0298 0263 0408 0200
D032893885: 0388 0338 0178 0114
D028758181: 0418 0268 0151 0251 0138 0121 0371 0264 0114
D036128679: 0345 0443 0374 0114 0304 0359 0331
D0773136: 0379 0365 0332 0173 0159
D011701439: 0455 0367 0382 0114 0263 0203 0130
D096871096: 0417 0418 0403 0220 0114
D0698687: 0394 0189 0463 0188 0114
D075317041: 0408 0385 0277 0114
D0952736: 0403 0370 0348 0267 0395 0260 0291 0179 0114
D0522101: 0434 0391 0379 0193 0114
D0520716: 0253 0462 0436 0419 0114
D008545572: 0345 0306 0114
D080457367: 0429 0114 0406 0298 0240 0191
D008485182: 0440 0367 0177 0364 0370 0313 0359 0114
D061598386: 0450 0289 0275 0114 0179 0207 0342 0301 0196 0191
D059787914: 0395 0344 0412 0316 0242 0452 0362 0283 0114
D098661077: 0448 0205 0198 0114
D071227603: 0390 0349 0178 0262 0204 0114
D002329482: 0407 0278 0335 0246 0349 0127 0114
D097331797: 0368 0281 0316 0230 0274 0114
D0826429: 0449 0372 0332 0231 0400 0172 0238 0183 0114
D0676716: 0459 0410 0380 0386 0114
D0748603: 0173 0146 0114
D0679543: 0431 0351 0311 0245 0224 0159 0187 0184 0114
D005750764: 0125 0192 0114
D014306433: 0429 0425 0423 0368 0334 0137 0114
D038109133: 0464 0194 0196 0175 0124 0114
D059619017: 0385 0282 0159 0297 0232 0375
D0773165: 0373 0368 0193 0309 0114 0225 0165
D053491732: 0465 0261 0186 0154
D0566905: 0231 0216 0180 0169 0465 0167 0383 0114
D0502201: 0441 0393 0396 0114 0371 0118 0284 0191
D019460628: 0460 0391 0389 0114
D0523431: 0286 0117 0114
D022955357: 0432 0275 0242 0215 0203 0129 0122 0114
D0692277: 0390 0454 0375 0154 0114
D050477555: 0404 0114 0358 0127 0370 0249
D0920396: 0460 0394 0259 0345 0276 0353 0114
D0656782: 0306 0189 0357 0194 0114
D010697573: 0449 0412 0267 0206 0146 0145 0114
D0696886: 0329 0287 0350 0241 0253 0223 0193 0166 0360 0114
D000974530: 0321 0308 0214 0314 0161 0114
D066141082: 0307 0250 0380 0125
