D036182053: 0462 0421 0401 0458 0339 0363 0129 0175 0141 0299 0406 0114
D043933617: 0114 0243 0241 0209 0388 0369
D0868877: 0341 0309 0114
D0577057: 0447 0313 0357 0114
D000458153: 0457 0324 0213 0196 0426 0114
D054542501: 0412 0268 0406 0360 0114 0346 0129 0188
D060776624: 0347 0228 0167 0114
D026715971: 0434 0433 0320 0275
D023073883: 0344 0318 0114 0233 0227 0183
D0756817: 0444 0363 0206 0137 0121 0192 0114
D019021362: 0444 0437 0374 0164 0388 0208 0194 0171 0146 0178 0391 0291 0114
D0730447: 0417 0411 0244 0237 0346 0288 0189 0186 0147
D042945956: 0434 0399 0191 0239 0383 0114
D0762254: 0305 0217 0211 0128 0114
D088525457: 0287 0276 0329 0230 0375 0146 0114
D035617556: 0436 0278 0114 0225 0127 0123
D0540940: 0456 0321 0114 0317 0276 0184 0171 0157 0152 0346 0348 0122 0120
D009291669: 0328 0326 0168 0161 0114
D021761041: 0372 0451 0345 0370 0191 0114
D047807297: 0350 0333 0217 0211 0374 0288 0114 0117 0162 0129
D079919593: 0237 0325 0460 0333 0187 0117 0114
D017952958: 0432 0419 0390 0287 0197 0370 0114
D029065134: 0448 0294 0287 0254 0139 0114
D0942250: 0436 0114 0317 0162 0314 0364 0182 0307 0171 0148 0164 0151
D034107584: 0379 0114 0320 0225 0199 0307
D0909657: 0341 0290 0419 0404 0224 0458 0114
D098256181: 0276 0261 0306 0231 0114
D016897427: 0344 0241 0184 0114
D043616589: 0451 0299 0221 0120 0114
D016203754: 0411 0400 0394 0335 0268 0406 0114 0264 0171 0307
D060663832: 0287 0306 0265 0308 0280 0153 0147 0209 0423 0134 0398 0114
D0690905: 0400 0329 0306 0457 0253 0228 0199 0188 0114
D097473084: 0398 0307 0114
D036401567: 0282 0287 0138 0274 0114
D037916268: 0343 0255 0114
D078851184: 0210 0403 0268 0170 0298 0188 0114
D0534351: 0433 0301 0222 0258 0238 0114
D0506065: 0397 0114
D0819621: 0329 0296 0258 0228 0257 0204 0191 0114
D0597696: 0279 0324 0171 0161 0114
D090195532: 0434 0425 0310 0114
D0872115: 0397 0412 0377 0236 0234 0165 0114
D027974568: 0457 0359 0302 0284 0228 0185 0277 0244 0114
D031699471: 0259 0251 0153 0119 0379 0238 0191 0398 0114
D051503154: 0404 0271 0114
