D034864944: 0377 0253 0236 0233
D093024587: 0443 0246 0300 0233
D048744362: 0426 0317 0256 0233
D065213933: 0436 0333 0283 0325 0233
D054769830: 0268 0284 0247 0233
D085965805: 0447 0341 0319 0290 0426 0384 0233
D021018312: 0338 0252 0233
D078394063: 0447 0426 0252 0233
D056747409: 0248 0291 0269 0241 0406 0233
D0577184: 0440 0439 0435 0306 0286 0284 0311 0392 0232
D030955882: 0392 0391 0363 0238 0232
D0941045: 0384 0298 0377 0284 0232
D0797071: 0455 0422 0358 0356 0232
D020859992: 0426 0315 0232
D078575332: 0296 0335 0232
D0771592: 0440 0389 0261 0253 0232
D0590111: 0410 0390 0264 0382 0371 0366 0232
D0594301: 0420 0383 0245 0276 0232
D093568302: 0423 0303 0272 0232
D022988133: 0446 0403 0373 0459 0232
D027669655: 0439 0409 0394 0460 0232
D047846722: 0464 0377 0308 0232
D0980659: 0403 0389 0388 0296 0232
D057904139: 0240 0408 0232
D030624726: 0434 0270 0232
D050037353: 0463 0453 0402 0231
D085308893: 0311 0306 0231
D039447791: 0303 0296 0437 0304 0269 0231
D0983636: 0335 0330 0292 0432 0231
D060266729: 0304 0270 0262 0231
D079210270: 0388 0286 0402 0254 0356 0231
D0782103: 0447 0426 0460 0392 0367 0231 0280 0366 0363
D001738674: 0457 0231 0285 0328 0314 0362
D073458128: 0388 0258 0437 0231
D054487260: 0250 0442 0264 0444 0235 0231
D0933652: 0423 0297 0231
D0566830: 0463 0451 0418 0344 0231
D0619782: 0410 0284 0230
D058065839: 0230 0384 0376 0450 0407 0269
D049718041: 0428 0415 0333 0271 0230
D0780596: 0420 0416 0339 0237 0230
D0839304: 0444 0381 0276 0366 0303 0271 0230
D041327951: 0320 0275 0261 0234 0230
D061399396: 0385 0312 0264 0230
D011675402: 0361 0230 0255 0312 0379 0252
D008593795: 0409 0384 0383 0243 0230
D037715427: 0451 0432 0331 0270 0317 0230
D0846691: 0274 0353 0229
D0603461: 0412 0268 0258 0229
D0942365: 0283 0230 0229
D007534850: 0388 0449 0368 0229
D026349770: 0331 0278 0319 0282 0454 0349 0323 0385 0229
D047729278: 0333 0299 0229
D094589306: 0414 0315 0404 0437 0362 0233 0229
D007052972: 0356 0338 0342 0297 0442 0257 0229
D0534298: 0388 0425 0305 0247 0229
D075392376: 0432 0351 0449 0229
