D046191052: 0371 0354 0145 0171 0136 0200 0113
D013982416: 0389 0294 0215 0430 0165 0312 0138 0326 0130 0113
D0844063: 0439 0418 0401 0113 0260 0131 0295 0115
D085377486: 0406 0329 0325 0332 0143 0113
D089228302: 0461 0341 0241 0346 0180 0113
D077425539: 0221 0307 0178 0151
D0750019: 0440 0236 0254 0138 0460 0125
D0886676: 0447 0409 0121 0323 0280 0215 0113
D0616811: 0410 0116 0457 0157 0113
D034403471: 0464 0403 0425 0168 0300 0275 0458 0202 0113
D0634827: 0389 0380 0314 0460 0113
D029860432: 0289 0241 0430 0223 0113
D073315070: 0372 0352 0417 0223 0190 0363 0178 0113
D016018778: 0418 0213 0127 0448 0113
D077106889: 0373 0341 0122 0214 0113
D015142214: 0319 0256 0216 0113
D091139702: 0257 0245 0227 0226 0218
D0997647: 0435 0194 0342 0328 0306 0418 0377
D000820776: 0387 0363 0322 0432 0224 0203 0189 0221 0113
D050522217: 0464 0113 0135 0222 0205 0257
D0682759: 0355 0212 0145 0397 0113
D0890717: 0263 0259 0303 0124 0113
D0606872: 0362 0325 0271 0188 0113
D011779520: 0419 0375 0274 0249 0119 0113
D037601263: 0353 0380 0336 0124 0113
D076997907: 0455 0354 0353 0206 0189 0173 0113
D077867155: 0401 0422 0381 0345 0407 0344 0333 0166 0286 0113 0331 0303
D064432540: 0421 0382 0371 0257 0363 0149
D0677403: 0379 0378 0190 0188 0113
D052342271: 0298 0241 0161 0207 0156 0113
D081349388: 0421 0271 0423 0290 0116 0399 0113 0180 0179
D047972476: 0437 0333 0243 0113
D038353123: 0301 0116 0232 0284 0113 0221 0355 0174
D095770307: 0431 0275 0148 0269 0113
D049886993: 0418 0352 0268 0113
D0667944: 0437 0308 0144 0246 0113
D0508146: 0400 0348 0290 0271 0247 0415 0218 0155 0113
D077986382: 0265 0121 0172 0157 0113
D0572510: 0252 0120 0113
D058696934: 0348 0219 0113
D087251586: 0229 0220 0266 0140 0207 0270 0121 0113
D0627456: 0282 0243 0191 0459 0113
D050241804: 0464 0428 0286 0113
D014197475: 0401 0375 0292 0209 0113
D004152170: 0363 0235 0442 0332 0227 0244 0182
D0843861: 0466 0456 0443 0162 0360 0262 0113
D084055651: 0404 0308 0245 0372 0232 0113
D083261091: 0342 0271 0317 0306 0267 0203 0399 0113
