D0988756: 0280 0198 0188 0257 0164 0154 0179 0353 0174 0113
D095761893: 0113 0331 0270 0193 0390 0119
D074573325: 0183 0231 0181 0113
D0554130: 0298 0290 0378 0362 0162 0284 0160 0113
D058390900: 0247 0219 0428 0327 0171 0113
D0787730: 0466 0413 0371 0343 0113
D054328266: 0335 0319 0245 0152
D0746496: 0361 0263 0150 0253 0203 0181 0113
D0796621: 0383 0215 0324 0438 0332 0165 0460 0125 0410 0461 0317 0113
D054083875: 0414 0423 0321 0428 0351 0151 0139 0279 0153 0113
D0796232: 0457 0427 0337 0266 0243 0202 0163 0130 0113
D0957883: 0374 0302 0419 0324 0245 0178 0221 0197 0113
D043853977: 0411 0320 0175 0113
D075004699: 0424 0348 0138 0327 0302 0346 0113
D082518585: 0432 0344 0219 0302 0280 0182
D0831001: 0405 0113 0310 0437 0383 0233 0220 0115
D0823986: 0324 0306 0116 0235 0216 0283 0126 0113
D0620097: 0385 0378 0308 0237 0259 0455 0446 0290 0113
D020886516: 0419 0183 0154 0113
D046773616: 0388 0144 0313 0269 0113
D024961219: 0371 0305 0261 0227 0224 0168 0155 0129 0113
D0554941: 0370 0400 0261 0271 0376 0168 0280 0153 0113
D0958683: 0403 0206 0459 0224 0405 0123 0113
D000937924: 0333 0374 0162 0228 0121 0269 0113
D0634869: 0410 0349 0301 0161 0113
D0584797: 0187 0177 0113
D025379297: 0463 0315 0314 0302 0189 0300 0127 0119 0113
D057217253: 0259 0227 0414 0191 0155 0134 0131 0123 0243 0140 0113
D040865317: 0451 0270 0263 0438 0287 0113
D038048456: 0445 0382 0290 0278 0121 0113
D051587642: 0464 0240 0346 0113
D002262383: 0433 0182 0409 0127 0125 0113
D0641301: 0256 0460 0113
D0639931: 0336 0177 0115 0414 0113
D018687019: 0428 0398 0375 0341 0199 0309 0134 0125
D033234069: 0450 0362 0329 0379 0232 0210 0113
D010594704: 0290 0214 0204 0239 0127 0309 0185 0113
D083655197: 0306 0262 0204 0376 0142
D099188870: 0262 0214 0205 0275 0158 0161 0124 0140 0331 0113
D0975982: 0436 0145 0122 0118 0113
D052908231: 0413 0289 0218 0113
D0935719: 0464 0418 0385 0113 0356 0273 0261
D052756047: 0465 0463 0419 0351 0113
D081467396: 0385 0348 0394 0280 0174 0113
D042831280: 0355 0141 0354 0309 0119 0113
