D073664383: 0462 0432 0286 0305 0113
D0610847: 0367 0322 0416 0256 0226 0323 0167 0200 0113
D0990923: 0461 0372 0363 0290 0178 0328 0232 0113
D0958202: 0426 0412 0249 0256 0218 0198 0113
D000172349: 0454 0423 0340 0253 0113
D0763582: 0416 0321 0289 0231 0153
D0990116: 0444 0252 0194 0157 0113
D016807389: 0336 0463 0462 0124 0113
D004608608: 0214 0210 0119 0113
D028232438: 0355 0154 0113
D078361126: 0147 0275 0189 0119 0296 0113
D051741433: 0462 0356 0171 0112
D0943846: 0384 0339 0164 0203 0131 0312 0112
D085716889: 0278 0259 0457 0214 0112
D0704854: 0356 0291 0132 0187 0238 0406 0320 0117 0112
D066609339: 0392 0349 0321 0345 0293 0112 0273 0216 0160
D080236399: 0371 0372 0316 0201 0112
D0505737: 0241 0179 0112
D005243037: 0293 0335 0140 0248 0112
D075579142: 0406 0362 0302 0214 0241 0152 0231 0308 0112
D0995625: 0379 0309 0253 0136 0112
D0654057: 0438 0112 0367 0206 0166 0114
D0983320: 0433 0428 0398 0216 0353 0190 0161 0235 0112
D040177236: 0417 0402 0376 0375 0331 0194 0124 0224 0112
D026570150: 0446 0431 0430 0352 0288 0238 0182
D0879802: 0345 0352 0154 0217 0112
D0860845: 0435 0405 0112
D0734499: 0445 0216 0377 0452 0114 0112
D0568782: 0380 0280 0268 0172 0168 0144 0112
D075398613: 0426 0258 0112
D003044810: 0202 0201 0404 0112
D0840773: 0134 0143 0132 0120 0112
D043888948: 0388 0289 0272 0263 0217 0421 0112
D0734432: 0466 0433 0334 0388 0311 0276 0165 0147 0112
D012761531: 0455 0433 0397 0319 0236 0344 0318 0299 0204 0351 0210 0112
D095826653: 0420 0271 0366 0229 0223 0200 0112
D0907849: 0439 0419 0404 0112 0134 0357 0197 0186
D0804542: 0329 0353 0285 0224
D0584683: 0372 0351 0300 0233 0112
D0919106: 0429 0374 0365 0174 0112
D029666119: 0427 0309 0287 0324 0112
D022212351: 0365 0200 0357 0112 0185 0138 0356
D059367239: 0226 0396 0114 0298 0265 0112
D094894837: 0430 0291 0263 0154 0152 0281 0112
D0931385: 0386 0262 0242 0142 0112
D034759950: 0426 0400 0198 0112
D0725584: 0412 0318 0177 0252 0334 0234 0162 0112
D0871528: 0391 0370 0258 0250 0308 0112
D0915613: 0413 0359 0408 0292 0411 0176 0233 0112
