D0779930: 0410 0269 0184 0310 0019 0222 0079 0314 0016
D085876729: 0321 0158 0149 0247 0007
D040858791: 0455 0436 0338 0419 0332 0309 0022 0425 0294 0159 0031 0147 0013
D042565383: 0424 0411 0386 0357 0115 0250 0041 0236 0312 0305 0072 0144
D048109611: 0359 0302 0190 0278 0008
D010162811: 0206 0150 0098 0085
D015117380: 0233 0454 0015
D052488115: 0406 0142 0124 0408 0091
D038777899: 0319 0298 0089 0284 0099 0085
D099922672: 0273 0145 0068 0067 0017
D000330312: 0336 0007 0205 0127 0103 0066
D054602816: 0438 0387 0120
D0917331: 0259 0213 0123 0274 0448 0007
D064285092: 0441 0390 0007 0343 0191 0141 0068 0184 0053 0079 0035 0421
D0790374: 0356 0444 0256 0102 0063 0045 0039 0232 0027
D0638982: 0456 0373 0445 0358 0225 0025 0303 0271 0190 0376 0270 0286 0261
D032448573: 0299 0211 0427 0175 0048
D048918121: 0424 0274 0140 0266 0151 0335 0316 0136 0128
D077290816: 0427 0144 0201 0272 0143 0052 0406 0028
D083211270: 0419 0336 0267 0215 0161 0268 0125 0023 0069 0066 0050
D0929056: 0419 0284 0329 0316 0158 0242 0239 0218 0259
D062545150: 0260 0222 0210 0187 0147 0086 0202 0447 0237 0024
D007889677: 0355 0330 0312 0306 0001 0037 0103 0085 0179
D0678279: 0440 0378 0247 0195 0210 0130 0321 0188 0013
D055140089: 0368 0263 0037 0103 0180 0281 0168 0313 0016
D083138225: 0445 0297 0209 0011 0404 0004
D077967220: 0254 0093 0085 0073
D0639553: 0462 0409 0386 0203 0156 0370 0178 0007
D048530002: 0170 0234 0109
D039058805: 0412 0291 0176 0323 0293 0065
D076910067: 0379 0315 0201 0099 0022
D0909935: 0328 0246 0319 0217 0158 0410 0143 0074 0007
D0891376: 0362 0289 0019 0234 0097 0390 0328
D0812321: 0393 0290 0121 0018 0007
D029833931: 0218 0169 0155 0151
D029375158: 0441 0247 0088 0200 0072
D053974891: 0463 0428 0424 0333 0311 0287 0200 0154 0007 0083 0183
D094374742: 0458 0396 0181 0076 0027 0001
D045409752: 0411 0203 0249 0007
D065689660: 0369 0263 0193 0181 0162
D041932230: 0405 0231 0223 0089 0357 0228 0032 0250 0006
D018715675: 0282 0288 0266 0035 0214 0139 0336 0112 0191
D001639353: 0459 0405 0291 0226 0073 0061 0003
