D046001481: 0422 0206 0124 0154 0343 0234 0160 0151 0110
D046998491: 0457 0421 0349 0314 0313 0443 0122 0110
D0693899: 0349 0300 0193 0271 0110
D0812209: 0243 0131 0110
D0925732: 0414 0347 0218 0340 0332 0153 0303 0110
D0616190: 0380 0436 0373 0414 0349 0110 0330 0246 0160
D097490289: 0367 0110 0330 0287 0232 0396 0179
D0774638: 0171 0194 0110
D023651487: 0407 0378 0338 0317 0197 0205 0137 0427 0125 0220 0110
D021403767: 0465 0405 0256 0372 0317 0218 0262 0398 0124 0225 0425 0186 0110
D0811699: 0447 0360 0319 0297 0405 0282 0424 0276 0180 0110
D012129539: 0460 0439 0437 0331 0356 0334 0315 0110
D030560475: 0433 0449 0308 0417 0232 0440 0147 0146 0124 0386 0110
D005428625: 0448 0309 0282 0216 0424 0110
D0759204: 0336 0312 0193 0459 0150
D052882203: 0448 0356 0396 0304 0283 0231 0199 0143 0219 0269 0110
D0646697: 0346 0445 0338 0206 0325 0268 0110
D088568508: 0429 0416 0373 0111 0229 0209 0400 0110
D0580798: 0429 0407 0248 0158 0110
D051241148: 0123 0329 0110
D049178180: 0372 0294 0215 0114 0110
D058734407: 0399 0395 0235 0216 0271 0238 0110
D008341525: 0401 0289 0436 0178 0415 0117 0110
D024295093: 0315 0432 0337 0250 0463 0110
D0704742: 0242 0217 0187 0424 0110
D030106697: 0458 0457 0195 0110
D0831432: 0459 0234 0286 0189 0110
D0984854: 0350 0425 0143 0154 0128
D040811819: 0451 0416 0344 0301 0209 0126 0169 0125 0110
D0991875: 0381 0372 0184 0334 0453 0148 0348 0145 0110
D0828516: 0427 0415 0240 0258 0424 0165 0463 0110
D025875461: 0349 0117 0110
D076664120: 0446 0318 0228 0271 0110
D037071202: 0353 0322 0279 0155 0110
D049954708: 0360 0299 0110 0251 0289 0234
D0961947: 0321 0261 0230 0266 0110
D022211057: 0436 0385 0110 0251 0230 0458 0124
D094336887: 0366 0114 0320 0204 0295 0110
D006974930: 0306 0456 0287 0135 0110
D0980205: 0299 0158 0178 0133 0110
D049926842: 0383 0374 0359 0269 0240 0187 0159
D0547990: 0363 0322 0270 0243 0158 0226 0213 0129 0110
D040589961: 0407 0110 0368 0264 0464 0169
D0539544: 0415 0320 0364 0252 0110
D096934746: 0356 0270 0230 0315 0229 0110
