D0766975: 0451 0435 0431 0303 0274 0209 0448 0088 0032 0074 0007
D0907933: 0329 0158 0076 0064 0120 0276 0165 0137 0089 0004
D001244267: 0459 0441 0064 0032
D0646598: 0448 0422 0189 0160 0067
D059533573: 0421 0376 0294 0286 0296 0113 0175 0231 0123 0064
D0972155: 0440 0374 0437 0133 0078 0037
D0521753: 0429 0397 0341 0316 0186 0404 0245 0007
D0570929: 0464 0333 0145 0109 0271 0230 0091 0382 0036
D0769700: 0392 0409 0323 0219 0021 0412 0226 0014
D026346830: 0277 0388 0321 0331 0006 0067 0004
D098808588: 0414 0169 0266 0249 0110 0065
D0666998: 0416 0396 0241 0172 0004
D0627148: 0451 0407 0340 0339 0029
D063414707: 0272 0224 0070 0036 0035
D049918243: 0442 0103 0154 0024 0348 0007
D072335703: 0374 0255 0013
D078997103: 0328 0250 0437 0302 0022
D018357301: 0345 0164 0115 0009
D001077223: 0366 0286 0215 0145 0221 0118 0085
D0887010: 0246 0152 0401 0109 0058 0069 0009 0023 0092 0036 0007
D003299494: 0338 0214 0195 0181 0103 0093
D0547190: 0329 0287 0282 0278 0269 0208 0459 0245 0074
D066367024: 0394 0142 0164 0209 0042 0003
D0752739: 0369 0383 0243 0225 0459 0083 0198 0177 0019
D0620717: 0430 0383 0197 0195 0064 0271 0017
D0654400: 0392 0282 0129 0271 0059
D016120891: 0375 0373 0362 0115 0251 0224 0184 0052
D054163744: 0253 0196 0427 0049
D096528440: 0051 0318 0088 0401 0153 0010
D0963635: 0437 0396 0389 0175 0080
D083704253: 0427 0007 0366 0409 0313 0439 0093 0410 0351 0078 0133 0106 0171
D066103004: 0306 0161 0062 0009
D0644249: 0421 0402 0178 0313 0038
D0569764: 0231 0208 0366 0254 0142 0105 0159 0069 0007
D009026414: 0321 0088 0066 0087 0317 0001
D0506837: 0400 0235 0005 0076 0367 0020 0019 0015
D061516595: 0360 0213 0188 0426 0087 0196 0350 0146 0307 0029
D027839874: 0451 0362 0060 0309 0212 0002
D000577786: 0347 0318 0284
D001484007: 0411 0394 0311 0258 0255 0236 0162 0003
D047080102: 0141 0462 0110
D073249054: 0393 0383 0007 0091 0250 0257 0219 0117 0051 0067 0359 0057 0245
D080262763: 0383 0363 0338 0227 0301 0070 0265 0224
D020493530: 0457 0407 0306 0302 0124 0075 0039 0019
D076717307: 0184 0216 0057
