D0824395: 0431 0412 0356 0348 0341 0285 0229
D0803241: 0270 0288 0230 0395 0229
D097276098: 0422 0382 0374 0370 0303 0229
D049825176: 0245 0358 0297 0229
D048464567: 0331 0233 0229
D020874933: 0460 0321 0438 0387 0399 0273
D048130929: 0393 0348 0354 0339 0229
D0544500: 0324 0315 0229
D0860727: 0455 0333 0451 0269 0228
D0786500: 0426 0348 0337 0325 0284 0326 0228
D0537855: 0454 0376 0414 0291
D0594916: 0396 0362 0276 0456 0379 0349 0228
D084345059: 0394 0364 0286 0229 0376 0228
D079442862: 0286 0283 0266 0232 0367 0228
D095152592: 0330 0404 0324 0228
D0711823: 0447 0406 0422 0285 0430 0276 0228
D0704664: 0397 0322 0248 0389 0228
D027644324: 0446 0420 0228
D076582363: 0396 0338 0270 0228
D095580876: 0445 0413 0360 0343 0333 0312 0242 0228
D080496878: 0442 0435 0423 0228
D0609335: 0450 0400 0413 0364 0334 0294 0227
D066710943: 0371 0388 0278 0227
D048440929: 0413 0337 0287 0227
D0711440: 0437 0451 0227
D051150440: 0375 0307 0297 0229 0230 0227
D062363945: 0371 0351 0300 0270 0227
D066052753: 0365 0300 0371 0283 0403 0268 0440 0242 0227
D0833286: 0342 0424 0274 0259 0241 0284 0234 0227
D039135285: 0359 0266 0330 0227
D041538425: 0458 0308 0419 0391 0455 0235 0227
D044457747: 0410 0279 0227
D0829382: 0312 0340 0285 0456 0227
D018551532: 0447 0422 0363 0408 0311 0227
D0773905: 0339 0299 0290 0393 0249 0253 0227
D0670522: 0297 0237 0227
D019476926: 0442 0274 0414 0411 0243 0236 0227
D089720127: 0419 0398 0226
D093999984: 0442 0367 0409 0364 0355 0226
D010857762: 0396 0394 0296 0226
D0937291: 0301 0387 0359 0271 0226
D027378120: 0460 0323 0289 0226
D0847773: 0461 0414 0337 0274 0226
D0621695: 0397 0432 0364 0282 0226
D0752737: 0419 0396 0405 0390 0226 0303 0391 0246 0457 0232
D0762209: 0386 0376 0367 0461 0257 0226 0227 0321
D005954292: 0426 0393 0226
D0874758: 0433 0418 0297 0249 0226
D0555618: 0464 0455 0397 0264 0226
D0639115: 0365 0362 0286 0410 0226
D023206625: 0416 0343 0306 0226
D0661416: 0346 0250 0226
D066972099: 0345 0305 0343 0250 0401 0249 0225
D076267475: 0414 0258 0352 0225
D077126405: 0319 0281 0391 0225
