D050884469: 0425 0300 0282 0337 0214 0016
D074781317: 0120 0098 0321 0237 0006
D0705393: 0219 0344 0268 0049 0018
D0614303: 0284 0433 0280 0303 0236 0092 0311 0051
D055395182: 0458 0243 0202 0013
D0936880: 0200 0383 0191 0321 0008
D0871185: 0459 0458 0406 0265 0284 0425 0062 0300 0066
D092312852: 0432 0409 0289 0427 0131 0288 0233 0393 0109 0247 0059
D053033499: 0126 0114 0301 0085 0105 0002
D070783193: 0422 0352 0357 0244 0164 0070
D083982095: 0455 0379 0274 0242 0382 0225 0207 0181 0088 0085 0056
D059466147: 0333 0113 0022 0093 0045 0440 0009
D007358470: 0465 0461 0365 0218 0096 0157 0046 0030 0296 0213 0006
D088760551: 0444 0416 0188 0318 0212 0141 0437 0014
D023383142: 0329 0208 0459 0134 0382 0128
D067416868: 0455 0379 0252 0157 0325 0057 0036 0389 0018
D071216423: 0317 0282 0439 0137 0110
D0648334: 0346 0230 0174 0164 0094
D081692798: 0450 0250 0229 0458 0092 0126 0033 0020
D085508613: 0465 0265 0429 0282 0228
D0729101: 0464 0294 0072 0283 0004 0279 0073
D038370243: 0317 0286 0212
D041804711: 0323 0394 0119 0280 0115 0006
D0801996: 0367 0430 0325 0443 0383 0320 0202 0200 0192 0376 0025
D0944310: 0453 0162 0043 0086 0079 0418 0335 0136 0073
D0517904: 0433 0166 0393 0278 0108
D051987435: 0334 0246 0105 0370 0024 0068 0167 0005
D0909114: 0408 0321 0458 0351 0286 0276 0342 0249 0171 0006 0156 0092
D0578775: 0315 0169 0410 0084 0002
D0950802: 0438 0404 0080 0145 0040 0006
D099348137: 0439 0395 0119 0240 0354 0195 0098 0181 0350 0300 0056 0198 0005
D046758309: 0168 0006 0129 0314 0289 0112
D0652220: 0425 0114 0446 0339 0082
D0727270: 0355 0324 0318 0141 0132
D0519905: 0449 0429 0308 0072 0046
D081722594: 0443 0388 0433 0224 0385 0368 0335 0019 0106 0326 0425 0153
D056080889: 0440 0338 0304 0225 0181 0118 0102 0035 0038 0027 0006
D0988981: 0323 0129 0005
D060742698: 0281 0279 0137 0152 0113 0048 0082 0045 0038 0002
D0697154: 0420 0292 0378 0283 0264 0334 0152 0035 0027
D045006517: 0417 0099 0220 0015 0006
D028474418: 0359 0146 0091 0071 0330 0066 0016 0024 0141 0035 0053 0156 0006
D0567939: 0196 0111 0007
