D0714048: 0444 0438 0373 0214 0190 0164 0148 0109
D011822387: 0446 0114 0203 0109
D0823685: 0457 0456 0239
D057141183: 0198 0170 0148 0109
D0784555: 0418 0228 0125 0109
D062961684: 0250 0202 0263 0109
D0580178: 0323 0317 0303 0315 0447 0259 0159 0109
D029709601: 0425 0375 0221 0326 0372 0437 0189 0109
D0631911: 0376 0347 0295 0266 0114 0464 0187 0109
D0962621: 0348 0340 0394 0272 0109
D076944451: 0304 0220 0124 0439 0109
D022108456: 0331 0460 0305 0109
D0756020: 0448 0418 0290 0154 0263 0274 0165 0354 0220
D0915709: 0352 0419 0336 0146 0306 0281 0240 0109
D0839067: 0450 0335 0428 0214 0145 0456 0252 0109
D091640758: 0388 0226 0186 0165 0109
D089564134: 0335 0313 0237 0323 0168 0214 0129 0109
D019108193: 0452 0221 0214 0381 0109
D0525727: 0355 0308 0260 0220 0188 0109 0231 0187
D0882639: 0431 0412 0184 0432 0109
D0830104: 0452 0422 0201 0237 0465 0212 0157 0109
D013944858: 0461 0425 0241 0121 0109
D006493424: 0316 0377 0296 0109
D058603437: 0417 0283 0192 0178 0146
D0510537: 0429 0167 0159 0109
D044178055: 0298 0391 0274 0392 0252 0109 0173 0330 0141 0156 0148
D0550964: 0439 0359 0351 0314 0299 0197 0121 0109
D015531179: 0461 0230 0150 0109
D088946337: 0340 0273 0218 0200 0109 0153 0115
D0988647: 0299 0253 0315 0163 0358 0264 0433 0390 0109
D0513855: 0433 0421 0385 0362 0109
D053000033: 0458 0217 0141 0214 0447 0200 0365 0165 0109
D0731369: 0438 0402 0326 0322 0109
D0780000: 0339 0275 0260 0115 0109
D026970202: 0323 0414 0288 0216 0109
D017077996: 0383 0331 0256 0141 0306 0109
D076346347: 0331 0326 0443 0304 0189 0124 0109
D0856898: 0351 0222 0209 0163 0109
D0768964: 0345 0278 0226 0269 0143 0272 0109
D015549655: 0431 0265 0373 0364 0236 0126 0204 0441 0150 0288 0348 0121 0108
D0699574: 0351 0315 0303 0191 0373 0292 0267 0162 0343 0108
D0800707: 0378 0352 0305 0227 0201 0466 0328 0123 0108
D020522407: 0422 0361 0232 0243 0108
D093339896: 0270 0141 0204 0391 0165 0132 0108
D0978301: 0464 0317 0276 0175 0108
D0921451: 0398 0416 0299 0227 0174 0108
D095647005: 0403 0461 0402 0387 0314 0311 0108
