D0577790: 0429 0260 0324 0074 0437 0233 0231 0054 0002
D0833661: 0463 0365 0371 0179 0124 0309 0017 0170 0006
D081185863: 0458 0358 0209 0354 0208 0065 0433 0282 0194 0338 0054 0043
D079930260: 0349 0252 0435 0117 0104 0065 0310 0006
D0851588: 0448 0417 0108 0311 0287 0279 0277 0114 0140 0286 0059 0003
D016772205: 0331 0328 0153
D057193632: 0231 0328 0317 0034
D084418395: 0381 0104 0256 0086 0079
D063927832: 0285 0189 0052 0005
D090037405: 0444 0333 0201 0207 0112 0008
D060992673: 0435 0224 0142 0103
D0626911: 0375 0369 0407 0242 0038
D010873410: 0428 0399 0172 0022 0007
D001538717: 0384 0333 0245 0098 0062
D0657126: 0455 0379 0324 0284 0259 0154 0141 0078
D0528176: 0306 0267 0039 0033 0010
D0819711: 0388 0175 0173 0168 0005
D043542635: 0463 0107 0027 0439 0005
D000433976: 0357 0378 0358 0304 0368 0159
D004926078: 0396 0175 0080 0211 0005 0051 0054
D008369376: 0427 0420 0266 0087 0068 0006 0173 0428 0003
D0541468: 0443 0429 0220 0433 0341 0004 0182 0242 0098
D094594577: 0424 0314 0192 0422 0417 0125 0443 0092 0003
D0610761: 0119 0445 0014 0293 0003
D0633429: 0437 0345 0201 0167 0126
D0811052: 0448 0368 0354 0162 0465 0056 0002
D0783146: 0458 0417 0103 0111 0144 0359 0409
D038499197: 0456 0448 0384 0294 0144 0047 0123 0048
D004311331: 0257 0158 0087 0078
D0762556: 0318 0359 0257 0288 0185 0134 0316 0041
D0920086: 0444 0316 0295 0012 0113 0108 0378 0225 0093
D043825172: 0260 0172 0445 0161 0114 0308 0198 0055
D0675722: 0418 0111 0094 0174 0002
D064832142: 0241 0236 0317 0179 0167
D0937393: 0273 0257 0231 0270 0008
D056560107: 0449 0446 0159 0361 0149 0186 0180 0378 0092
D019711829: 0436 0424 0289 0362 0207 0070 0253 0348 0056 0277 0020
D003134832: 0418 0367 0210
D001904697: 0388 0436 0451 0313 0163 0006
D0667483: 0278 0261 0055 0466 0035
D039564894: 0313 0272 0305 0195 0117 0148 0242 0136 0262 0188
D0704581: 0311 0038 0001
D0945385: 0283 0204 0159 0119 0365 0111 0345 0068 0006
D055377911: 0354 0427 0238 0179 0145 0461 0063
D042344360: 0435 0283 0282 0239 0210 0267 0235 0147
