D037337421: 0303 0271 0143 0270 0216 0108
D0555042: 0422 0371 0303 0267 0224 0133 0395 0129 0108
D051815059: 0176 0292 0145 0108
D0595067: 0389 0374 0365 0315 0191 0282 0108
D010663233: 0450 0359 0175 0108
D0664403: 0317 0271 0260 0226 0108
D010319024: 0463 0442 0294 0127 0108
D081964345: 0457 0126 0108
D078158771: 0381 0351 0256 0262 0148 0125 0326 0108
D0620269: 0447 0412 0398 0324 0281 0231 0269 0221 0108
D073469759: 0333 0245 0161 0275 0108
D022885999: 0458 0429 0386 0299 0275 0230 0144 0108
D0822410: 0267 0441 0258 0213 0108
D050154661: 0345 0313 0306 0303 0172 0422 0203 0357 0112 0108
D008781727: 0439 0329 0259 0210 0169 0108
D004730309: 0436 0414 0238 0171 0391 0254 0280 0119 0108
D007325748: 0385 0363 0181 0142 0108
D030350311: 0272 0456 0221 0133 0108
D072792025: 0463 0108 0399 0276 0124 0170
D062437622: 0443 0401 0182 0260 0108
D018135503: 0242 0171 0374 0154 0157 0401 0182 0153 0108
D011379621: 0281 0450 0284 0166 0108
D0968198: 0463 0462 0413 0248 0239 0145 0108
D018400625: 0442 0460 0186 0108
D091292704: 0464 0426 0189 0440 0108
D083277030: 0295 0279 0275 0170 0108
D061683792: 0396 0280 0365 0172 0108
D0991712: 0439 0434 0432 0424 0261 0238 0187 0108 0156 0130 0218
D026002262: 0420 0352 0259 0108
D050663965: 0430 0391 0384 0372 0252 0371 0358 0354 0204 0450 0116
D0941406: 0291 0272 0135 0218 0108
D0653251: 0408 0280 0154 0146 0108
D076212734: 0242 0185 0386 0141 0121 0108
D094159691: 0333 0244 0162 0290 0395 0108
D071791029: 0464 0314 0281 0311 0242 0250 0108
D028102748: 0421 0410 0267 0122 0396 0159 0108
D064090092: 0429 0407 0267 0335 0328 0350 0143 0108
D029014989: 0108 0284 0224 0378 0360 0202 0344
D023579804: 0142 0309 0108 0308 0388 0217 0290 0237 0135 0464 0232 0109
D064752549: 0360 0262 0392 0142
D096751572: 0449 0436 0376 0348 0302 0242 0189 0177 0135
D057310640: 0445 0423 0369 0340 0349 0323 0239 0124 0108
D080307587: 0450 0411 0365 0305 0364 0247 0360 0198 0108
D014232619: 0392 0376 0337 0364 0301 0108 0135 0197 0198 0387 0133
D001645620: 0232 0159 0203 0193 0109 0108
