D0862417: 0324 0328 0230 0353 0184
D071721958: 0443 0400 0353 0451 0132 0289 0411 0375 0272 0356 0108
D0649309: 0374 0377 0355 0206 0325 0253 0285 0108
D051249649: 0431 0439 0426 0443 0288 0371 0300 0108
D0514823: 0459 0433 0405 0276 0464 0268 0223 0252 0156 0108
D046137364: 0303 0171 0150 0411 0108
D060265012: 0268 0205 0346 0185 0110
D044647360: 0453 0215 0388 0311 0269 0108
D0798488: 0403 0295 0284 0108 0234 0222 0184 0323 0143
D025797442: 0459 0372 0200 0437 0127 0108
D0810046: 0431 0386 0308 0108
D052009044: 0462 0428 0300 0452 0263 0162 0123 0108
D0587698: 0446 0437 0350 0228 0108
D0586134: 0423 0269 0117 0248 0112 0228 0108
D068337483: 0272 0412 0411 0108
D052153570: 0431 0358 0239 0373 0353 0214 0108 0334 0155 0165 0355 0136 0113
D057127354: 0418 0362 0140 0412 0108
D094012224: 0459 0388 0359 0335 0326 0398 0358 0283 0219 0131
D0660800: 0454 0341 0108
D022936585: 0451 0357 0344 0301 0286 0168 0270 0108
D031934169: 0348 0347 0252 0440 0108
D099021788: 0267 0137 0123 0108
D076858307: 0410 0368 0440 0236 0335 0316 0180 0108
D044891251: 0461 0168 0346 0463 0199 0389 0338 0201 0408 0150 0291 0142 0108
D056922516: 0365 0359 0108
D081546640: 0358 0108 0343 0282 0285 0172
D0782713: 0331 0222 0115 0243 0108
D0958186: 0416 0252 0227 0413 0177 0168 0108
D056682090: 0429 0224 0155 0358 0243 0218 0108
D0977655: 0420 0359 0120 0259 0251 0240 0187
D058412619: 0396 0388 0278 0108
D088928906: 0435 0201 0108 0155 0198 0110 0193 0269 0363 0116 0461 0387 0221
D0686673: 0240 0328 0132 0141 0108
D069219344: 0179 0175 0108
D060981745: 0247 0270 0215 0108
D097244325: 0434 0385 0108 0334 0204 0215 0345 0139
D067231997: 0312 0279 0326 0108
D072488232: 0455 0444 0112 0315 0247 0350 0234
D027615966: 0415 0346 0230 0124 0108
D027232088: 0440 0293 0277 0153 0356 0129 0108
D055310321: 0437 0406 0266 0204 0108
D068274030: 0438 0444 0290 0108
D005579495: 0453 0322 0385 0327 0253 0108
D034463048: 0361 0265 0256 0344 0278 0261
D0600491: 0303 0289 0270 0243 0108
D066753025: 0380 0388 0373 0398 0207 0149 0127 0112
