D091325181: 0464 0380 0207 0132 0108
D025915198: 0373 0343 0307 0217 0297 0268 0406 0383 0266 0123
D011960560: 0360 0335 0332 0206 0354 0195 0108
D049193626: 0393 0354 0353 0350 0203 0290 0108
D085240131: 0454 0312 0200 0181 0165 0108 0180 0119
D016582422: 0296 0224 0198 0179 0107
D053186850: 0441 0223 0288 0107
D0880981: 0437 0398 0199 0165 0440 0136 0131 0172 0341 0107
D059554455: 0303 0156 0129 0128
D097739371: 0209 0161 0458 0107
D016927018: 0326 0110 0457 0107
D089988756: 0107 0285 0420 0209 0151 0124
D0878493: 0322 0236 0177 0155 0107
D0564693: 0368 0329 0117 0130 0107
D0555162: 0350 0248 0213 0230 0107
D0688176: 0290 0318 0217 0153 0107
D0690507: 0436 0402 0307 0243 0107 0231 0440 0316
D009874442: 0431 0392 0129 0334 0421 0228 0382 0346 0107
D024375382: 0204 0187 0126 0201 0107
D0634191: 0324 0248 0294 0145 0141 0107 0231 0136
D0855386: 0428 0283 0302 0139 0116 0391 0246 0107
D093243186: 0241 0330 0311 0276 0405 0107
D062185707: 0441 0107 0401 0192 0181 0462 0174
D0821336: 0399 0211 0199 0391 0359 0291 0242 0394 0107
D0954710: 0395 0199 0307 0191 0165 0381 0107
D0785168: 0377 0317 0268 0263 0438 0298 0211 0251 0113 0107
D098052479: 0382 0311 0107
D0534852: 0373 0453 0352 0464 0170 0219 0115 0316 0107
D013969394: 0297 0231 0133 0200 0107
D0818505: 0224 0216 0178 0264 0148 0226 0147 0433 0107
D0522832: 0236 0202 0192 0164 0107
D0737111: 0442 0286 0422 0150 0268 0243 0107
D0853536: 0430 0309 0367 0382 0320 0296 0107
D025435184: 0284 0262 0236 0239 0381 0107
D0649396: 0451 0372 0325 0283 0218 0203 0192 0175 0145 0110
D009039865: 0415 0265 0124 0457 0107
D040195810: 0453 0299 0107
D0721661: 0451 0148 0131
D050583195: 0341 0182 0372 0288 0107
D058123706: 0398 0280 0305 0107
D074876365: 0452 0347 0192 0227 0107
D0639451: 0331 0294 0434 0177 0128
D076501098: 0316 0113 0284 0258 0313 0107
D066095750: 0244 0347 0127 0107
D047412095: 0455 0406 0375 0169 0120 0246 0107
D010071502: 0302 0299 0285 0107 0249 0282 0420 0414 0270 0210
D098922949: 0440 0446 0402 0229 0107
D096634752: 0408 0251 0210 0107
