D0871021: 0455 0326 0299 0296 0191
D081140114: 0191 0390 0148
D015313638: 0282 0252 0418 0240 0141 0191 0106
D0913515: 0292 0393 0279 0367 0171 0154 0411 0106
D004054139: 0459 0195 0388 0337 0316 0140 0106
D062600149: 0259 0200 0106
D078295766: 0414 0291 0218 0127 0106
D023572461: 0448 0207 0455 0196 0106
D077781956: 0449 0335 0322 0264 0126 0349 0106
D0506224: 0429 0462 0418 0405 0244 0231 0369 0266 0106
D005299546: 0347 0291 0229 0158 0375 0106
D034555040: 0347 0289 0407 0157 0106
D014390685: 0311 0301 0270 0114 0106
D086285612: 0404 0203 0121 0283 0106
D018504019: 0430 0427 0353 0179 0156 0106
D0607521: 0412 0383 0293 0317 0106 0270 0187 0166
D085277373: 0455 0257 0207 0187 0238 0106
D020613846: 0452 0378 0321 0297 0180 0364 0119 0106
D084795779: 0429 0359 0454 0317 0250 0175 0172 0308 0109
D029634965: 0318 0287 0197 0159 0106
D0819008: 0397 0312 0250 0164 0106
D077371201: 0454 0440 0290 0106
D0677859: 0405 0295 0245 0154 0218 0201 0192 0106
D044358686: 0451 0426 0231 0279 0185 0284 0106
D040105581: 0440 0429 0106 0375 0262 0274 0161
D0972807: 0269 0268 0231 0222 0184 0357 0205 0171 0126 0317 0106
D0795915: 0416 0363 0282 0277 0158 0187 0148 0108 0106
D0950044: 0380 0336 0257 0116 0266 0106
D0633342: 0256 0169 0140 0134 0191 0106 0121 0250 0160
D030970786: 0364 0354 0174 0106
D0777192: 0445 0366 0181 0173 0106
D0836116: 0400 0443 0155 0284 0106
D0726081: 0421 0393 0364 0359 0106
D065163245: 0316 0290 0185 0125 0108 0115 0410 0339 0212 0106
D073404552: 0428 0246 0128 0383 0168 0106
D042452874: 0388 0449 0224 0223 0370 0139 0295 0317 0106
D036795901: 0411 0339 0387 0314 0106
D0808396: 0334 0442 0322 0462 0240 0217 0414 0106
D0678066: 0408 0209 0421 0131 0106
D043601684: 0432 0359 0353 0344 0406 0117 0189 0208 0130 0106
D022560964: 0441 0362 0229 0373 0232 0203 0376 0201 0284 0108 0188 0106
D013130084: 0425 0395 0344 0333 0327 0301 0247 0140 0360 0162 0135 0120 0106
D033589183: 0418 0199 0256 0106 0323 0258
D0512042: 0392 0355 0455 0198 0106
D007917974: 0331 0304 0287 0281
D076424489: 0325 0279 0197 0180
