D032627770: 0464 0329 0335 0419 0301 0225
D0575903: 0282 0303 0271 0245 0415 0225
D0895370: 0444 0284 0225
D044242312: 0304 0295 0382 0225
D042749929: 0443 0316 0273 0225
D000330046: 0460 0451 0225
D059750529: 0355 0338 0449 0375 0225
D084627957: 0323 0246 0224
D016770737: 0422 0258 0224
D084603869: 0399 0378 0313 0312 0224
D037167530: 0319 0316 0230 0390 0381 0224
D070898408: 0337 0232 0353 0227 0240 0224
D0594808: 0424 0386 0348 0257 0224
D0538310: 0436 0355 0354 0332 0253 0278 0243 0224
D052876745: 0428 0359 0366 0224
D046682840: 0321 0377 0277 0350 0224
D0657269: 0342 0285 0409 0334 0224
D0771966: 0457 0430 0355 0324 0224
D015991010: 0372 0442 0224
D037284732: 0293 0235 0224
D038862908: 0457 0422 0347 0287 0284 0247 0263 0224
D040296197: 0424 0408 0294 0323 0278 0224
D015510006: 0440 0385 0310 0368 0312 0301 0252 0432 0224
D0667349: 0441 0433 0419 0404 0351 0345 0337 0353 0223
D0894523: 0444 0366 0395 0323 0223
D083594472: 0313 0306 0303 0282 0457 0268 0223
D091524171: 0464 0408 0328 0288 0223
D096208397: 0424 0262 0223
D0681181: 0432 0319 0223
D029930081: 0328 0276 0223
D005123322: 0407 0305 0254 0236 0223
D0528940: 0452 0419 0355 0286 0223
D0835450: 0440 0324 0313 0264 0319 0238 0223
D081969500: 0320 0340 0223
D0702012: 0462 0420 0298 0320 0260 0258 0223
D0861495: 0417 0409 0377 0241 0223
D011433606: 0390 0229 0357 0222
D082363307: 0279 0222
D0741199: 0444 0268 0222 0265 0454 0348 0274
D064488851: 0428 0399 0354 0241 0222
D003038697: 0268 0299 0253 0333 0222
D0804823: 0371 0361 0316 0268 0222
D0762442: 0354 0342 0222
D0934432: 0393 0366 0377 0331 0222
D099998936: 0375 0366 0364 0383 0352 0293 0222
D029655595: 0362 0402 0259 0314 0222
D042721208: 0416 0390 0351 0314 0222
D0579223: 0439 0287 0285 0247 0222
D0895087: 0456 0302 0376 0228 0222
D0662618: 0437 0334 0447 0259 0222
D0534768: 0319 0301 0310 0290 0221
D0962300: 0388 0260 0394 0233 0221
D0726902: 0463 0454 0373 0406 0432 0308 0275 0221
D050504633: 0383 0282 0449 0257 0221
D0881028: 0447 0420 0370 0299 0221
D0601063: 0287 0279 0221
