D079864862: 0424 0257 0106 0354 0389 0128 0269 0186 0217 0131 0107 0162 0117
D092082823: 0425 0194 0183 0106
D0928560: 0354 0337 0262 0302 0259 0417 0379 0238 0230 0209
D0773834: 0302 0239 0185 0463 0106
D048658959: 0427 0335 0380 0312 0106
D034410530: 0400 0459 0451 0332 0106
D015379665: 0453 0440 0413 0106 0168 0409 0408 0326
D026658971: 0324 0230 0119 0314 0106
D0828429: 0338 0231 0391 0365 0229 0106 0121 0299 0178
D0524529: 0424 0402 0357 0324 0264 0105 0217 0262 0300 0167 0172
D063105384: 0300 0296 0202 0105 0150 0107
D010742150: 0446 0361 0300 0387 0245 0457 0403 0105
D0874497: 0437 0374 0369 0250 0173 0147 0345 0105
D0519799: 0363 0265 0270 0121 0105
D095691619: 0420 0308 0105
D0512828: 0389 0263 0248 0129 0234 0380 0230 0105
D084322333: 0434 0385 0186 0163 0105
D092143364: 0461 0372 0226 0338 0330 0293 0322 0276 0138 0316 0141 0251 0105
D0742924: 0212 0106 0105
D0954655: 0437 0306 0191 0115 0105
D0830328: 0348 0145 0432 0125 0105
D0775340: 0198 0324 0298 0401 0342 0456 0159
D0799697: 0339 0326 0243 0155 0105
D038130014: 0376 0349 0290 0263 0288 0105
D007592867: 0406 0371 0459 0404 0265 0412 0230 0105
D004716952: 0278 0252 0237 0137 0206 0224 0109
D0647350: 0158 0319 0151 0106 0105
D071753959: 0445 0411 0310 0429 0105 0252 0311 0199 0340 0246 0138
D055181099: 0354 0308 0161 0302 0170 0244
D065014370: 0432 0385 0267 0242 0105
D0819200: 0412 0379 0455 0352 0240
D086560955: 0431 0352 0105
D042195290: 0411 0192 0343 0338 0291 0105
D092288874: 0452 0446 0265 0200 0105
D049146264: 0423 0428 0251 0237 0424 0248 0147 0420 0239 0253 0105
D084093622: 0417 0381 0371 0286 0159
D0809458: 0317 0290 0213 0206 0149 0110 0208 0268 0105
D0934644: 0369 0273 0374 0266 0173 0247 0281 0212 0176 0105
D0621615: 0378 0303 0105 0169 0401 0109 0337
D0889145: 0240 0218 0139 0328 0105
D0535506: 0435 0411 0423 0352 0201
D039828354: 0195 0239 0105
D0637933: 0442 0222 0356 0355 0415 0304 0105
D084508454: 0440 0455 0416 0375 0265 0105
D025566703: 0324 0293 0346 0283 0281 0231 0195 0246 0105
