D0748407: 0435 0372 0367 0322 0246 0239 0238 0158
D053374493: 0355 0264 0105 0187 0340 0176
D094655407: 0141 0134 0353 0154 0116
D0806795: 0287 0119 0285 0190 0131 0105
D0552460: 0436 0378 0460 0443 0105
D0977421: 0408 0370 0409 0306 0273 0250 0458 0114 0105
D0698798: 0428 0370 0240 0275 0243 0364 0105
D0881898: 0262 0200 0209 0143 0121 0146 0428 0141 0105
D075297084: 0368 0119 0105
D0706100: 0432 0402 0146 0253 0105
D0787594: 0315 0181 0149 0316 0105
D048261357: 0396 0315 0158 0105
D0883843: 0400 0284 0305 0304 0105
D091631411: 0320 0303 0281 0457 0456 0427 0105 0169 0144 0186
D0923166: 0447 0405 0367 0309 0243 0258 0110 0172 0105
D038989834: 0359 0105 0319 0152 0213 0321
D066469537: 0321 0271 0244 0106 0105
D0707696: 0387 0366 0325 0164 0267 0256 0175 0152 0134
D038727955: 0375 0255 0240 0237 0228 0144 0206 0183 0162 0105
D046209726: 0294 0269 0126 0254 0197 0130 0397 0105
D044722906: 0301 0283 0175 0317 0427 0403 0105
D0746643: 0390 0257 0208 0195 0320 0122 0129 0105
D039526311: 0338 0168 0145 0414 0105
D0846551: 0449 0458 0332 0278 0188
D0573165: 0404 0254 0105
D0834914: 0435 0419 0324 0310 0349 0300 0293 0164 0422 0403 0105
D083665233: 0441 0435 0406 0393 0363 0324 0171 0105
D091775238: 0225 0154 0140
D095754383: 0270 0244 0330 0107 0105
D065254943: 0320 0402 0391 0416 0116 0105
D0691613: 0447 0461 0374 0313 0105
D020627522: 0431 0280 0277 0276 0105
D092668348: 0374 0256 0275 0240 0173 0161 0456 0297 0105
D0999162: 0276 0264 0295 0151 0146 0296 0197 0105
D0801889: 0453 0429 0291 0210 0030
D046585349: 0350 0347 0402 0248 0138 0133 0114 0105
D024668958: 0298 0286 0459 0230 0105
D0936129: 0446 0407 0390 0386 0367 0122 0246 0227 0460 0105
D059152125: 0373 0245 0105
D094514544: 0444 0280 0216 0162 0154 0463 0269 0251 0105
D033766263: 0431 0300 0410 0336 0171 0105
D035943310: 0412 0375 0350 0265 0105
D0614699: 0424 0412 0379 0265 0105
D0500928: 0407 0384 0403 0361 0161
D0664375: 0400 0377 0314 0241 0105
D0516048: 0290 0257 0231 0193 0374 0126 0129 0392 0105
