D093396684: 0394 0221 0302 0065 0203 0193 0041
D006020019: 0237 0231 0141 0129 0406 0320 0045 0011
D011990772: 0376 0298 0393 0244 0415 0092 0066
D0523369: 0445 0128 0107 0183 0010
D049979145: 0274 0271 0085
D0899990: 0451 0305 0165 0057 0027 0069 0009
D058452974: 0437 0343 0361 0289 0392 0253 0109 0145 0103 0003
D0920852: 0458 0311 0256 0373 0045
D078434103: 0190 0158 0028 0012 0002
D0628529: 0450 0327 0022 0180 0140 0102 0226 0039
D0613603: 0373 0365 0137 0454 0323 0121 0059 0023 0015
D0662738: 0339 0332 0128 0161 0374 0099 0082 0397 0034
D054615076: 0463 0424 0413 0290 0023
D092839007: 0324 0176 0167 0398 0233 0189 0124 0123 0155 0002
D027635445: 0461 0336 0434 0431 0236 0087
D070575705: 0420 0149 0410 0040 0027
D082117672: 0429 0409 0375 0285 0005 0199 0135 0024 0396 0383 0148
D020016326: 0397 0392 0322 0292 0431 0110 0251 0172 0326 0156
D0564667: 0151 0312 0272 0109 0050
D084512109: 0370 0141 0222 0042 0197 0113 0098
D046859211: 0439 0385 0363 0339 0273 0279 0232
D058471586: 0398 0307 0324 0319 0121 0108
D0541685: 0466 0179 0178 0136 0096 0108 0465 0008
D0595375: 0432 0387 0219 0358 0031
D0626120: 0440 0237 0217 0011 0145 0334 0129 0437 0114
D079020022: 0353 0296 0150
D064333403: 0200 0140 0178 0101 0084
D059987390: 0409 0370 0114 0292 0278 0108
D049966930: 0446 0415 0374 0371 0307 0238 0323 0062 0001
D051237998: 0464 0380 0375 0176 0435 0126 0063 0057 0046
D036623471: 0307 0256 0257 0144 0343 0135 0437 0124 0132 0170 0027
D094579499: 0444 0321 0267 0182 0303 0002 0147 0210 0113
D0721787: 0444 0387 0332 0439 0193
D006845025: 0393 0148 0372 0174 0457 0034 0001
D0792973: 0362 0345 0326 0367 0003
D0770195: 0399 0237 0106 0094 0092 0181 0077
D096384602: 0211 0336 0148 0066 0016
D0780407: 0445 0420 0003
D035106104: 0248 0096 0224 0140 0167 0012
D059076148: 0415 0437 0384 0121
D0755735: 0285 0148 0130 0046 0028
D0710742: 0329 0153 0001
D091981998: 0394 0435 0360 0330 0305 0089 0274 0167 0440 0066 0049
D0865654: 0358 0314 0302 0210 0063
D066322382: 0094 0050 0258 0019 0033 0010
