D0649324: 0422 0410 0349 0313 0280 0134 0254 0098 0005
D0504702: 0451 0165 0017 0430 0003
D066435471: 0430 0193 0105 0039 0349 0348 0012
D0807621: 0462 0459 0294 0430 0223
D035368830: 0407 0453 0437 0398 0257 0246 0239 0046
D073149231: 0403 0296 0248 0208 0092
D059843030: 0449 0464 0427 0176 0285 0007 0343 0183 0005 0051 0048 0168 0434
D078437234: 0177 0155 0139 0086 0013
D096765081: 0136 0020 0170 0006
D023712904: 0358 0226 0137 0114 0042 0149 0150 0070 0060 0268 0067 0018
D093339100: 0382 0368 0354 0191 0178 0257 0158 0104
D0811467: 0427 0416 0207 0320 0248 0144 0106
D0669861: 0326 0354 0293 0135 0003
D005213856: 0374 0154 0245 0017
D0710640: 0395 0276 0024 0139 0272 0097 0204
D065765098: 0238 0169 0149 0114 0074 0029 0021 0005
D0845838: 0429 0024 0201 0306 0080 0190 0154
D082440503: 0391 0280 0233 0149 0268 0084
D079030816: 0421 0170 0048
D009659704: 0091 0226 0175 0008
D015875600: 0210 0303 0168 0346 0061 0029
D0526851: 0341 0247 0457 0311 0092
D0593499: 0248 0214 0152 0139 0394 0123 0320 0117 0002
D0678144: 0405 0213 0079 0014
D076595318: 0361 0350 0287 0087 0242 0216 0117 0463 0059
D006764821: 0409 0191 0392 0203 0187 0177 0312 0190 0305 0115 0091 0032
D0715644: 0415 0390 0361 0462 0242 0078 0050 0211 0043
D044268442: 0404 0206 0401 0247 0010 0173 0334 0022 0349 0191
D003360927: 0465 0059 0018 0003
D078473522: 0386 0103 0212 0003
D014644740: 0464 0390 0117 0040 0110 0326 0076
D0607721: 0051 0324 0252 0044 0029
D045649738: 0370 0375 0281 0356 0333 0207 0196 0013 0136 0259 0104 0168 0003
D070769951: 0272 0135 0134 0074 0362 0028
D045359712: 0270 0196 0177 0334 0156 0012
D078743441: 0435 0310 0094 0034
D007449918: 0441 0339 0213 0075 0002
D0571325: 0365 0412 0145 0220 0003
D059244141: 0336 0246 0376 0243 0043
D045780028: 0424 0242 0108 0234 0120 0033 0003
D004101048: 0291 0386 0208 0406 0362 0300 0005
D0757784: 0392 0197 0073
D0630709: 0356 0235 0234 0228 0201
D0756870: 0415 0259 0138 0215 0075 0460 0417 0067
D0884618: 0456 0435 0396 0360 0305 0286 0156 0344 0404 0134
D091118424: 0299 0067 0047 0028
