D028863014: 0385 0315 0310 0319 0150 0335 0081 0039 0005
D0521094: 0167 0057 0049 0188 0010
D0722588: 0446 0418 0400 0351 0189 0126 0114 0153 0021
D077776327: 0437 0043 0411 0368 0351 0430 0418 0001 0137 0174 0417 0027
D033111230: 0401 0358 0205 0288 0002
D025248357: 0390 0310 0340 0223 0017
D043625963: 0465 0239 0203 0057 0142 0075
D0564551: 0463 0288 0301 0153 0442 0322 0147
D049339628: 0448 0263 0037 0254 0058 0030
D068977528: 0384 0108 0155 0119 0034 0020
D085348417: 0389 0364 0206 0035 0023 0014
D0597883: 0237 0001 0206 0352 0093 0232 0180
D032403626: 0456 0451 0329 0290 0262 0204 0458 0179 0057
D0640482: 0403 0266 0264 0193 0057 0039
D0605505: 0440 0349 0079 0033 0026
D000035316: 0453 0393 0307 0204 0054 0068 0287 0005 0051 0137
D080960478: 0406 0148 0114 0096 0321 0084
D032937671: 0447 0349 0034 0067 0422 0045
D0709201: 0430 0257 0251 0219 0188 0012 0183 0304 0124
D0890355: 0198 0174 0165 0248 0125
D057956329: 0382 0364 0012 0108 0160 0133
D038134197: 0458 0388 0333 0168 0137
D0975100: 0452 0445 0206 0282 0411 0145 0222 0327 0115
D017839730: 0431 0056 0300 0324 0181 0067 0246
D0939105: 0450 0367 0212 0159 0131
D0816676: 0201 0141 0049 0131 0003
D0611657: 0341 0224 0187 0412 0087 0078 0028
D059885443: 0206 0143 0314 0016
D016447950: 0265 0176 0078
D0773387: 0361 0326 0230 0393 0026 0202 0122 0003
D025511291: 0432 0377 0327 0195 0116 0018
D0655126: 0386 0183 0169 0050 0002
D058695289: 0463 0265 0338 0149 0114 0109 0118 0056 0034
D063371192: 0297 0305 0048 0155 0331 0012 0019 0028
D057078205: 0133 0080 0139 0053 0008
D021673092: 0024 0313 0294 0419 0224 0063
D0819527: 0381 0180 0161 0363 0005 0262 0412 0069
D027803769: 0245 0069 0174 0442 0142 0458 0415 0233 0124 0116
D060249067: 0455 0171 0185 0421 0451 0219 0330
D0814185: 0450 0419 0306 0271 0302 0233 0156 0142
D065579886: 0391 0346 0320 0290 0159 0085 0239 0197 0071
D065414439: 0406 0381 0110 0025
D056280104: 0390 0408 0353 0322 0284 0321 0269 0131 0320 0117 0051 0068 0054
D0530156: 0464 0400 0211 0199 0317 0167 0254 0118
