D082633356: 0408 0417 0297 0196 0121 0103
D027126967: 0345 0277 0244 0242 0148 0103
D099515072: 0386 0333 0221 0283 0124 0450 0215 0103
D058127032: 0174 0168 0019 0163 0290 0278 0034 0188 0116 0047 0148 0015
D088657080: 0280 0252 0440 0103
D079261258: 0464 0358 0267 0242 0219 0052
D051790912: 0435 0426 0130 0093 0088
D0524182: 0345 0254 0273 0202 0103
D0788106: 0301 0400 0251 0130 0128 0391 0103
D0799500: 0447 0376 0412 0236 0185 0249 0276 0166 0368 0059
D0573839: 0453 0413 0404 0103 0391 0261 0241
D045515217: 0445 0419 0165 0363 0370 0369 0303 0162 0393 0285 0414 0241 0121
D040308524: 0461 0374 0333 0337 0292 0299 0190 0006
D034814895: 0456 0383 0263 0234 0451 0237 0200 0194 0168 0442 0103
D0936762: 0234 0143 0116 0075 0109 0105 0273 0032 0007
D0530571: 0394 0178 0157 0453 0103
D077124326: 0437 0358 0182 0179 0103
D042868057: 0296 0180 0258 0229 0288 0239
D065957905: 0361 0309 0284 0258 0209 0126 0103
D059837763: 0418 0316 0235 0207 0447 0065 0284 0448 0404 0060
D025429398: 0369 0447 0382 0213 0461 0103
D0778401: 0334 0304 0132 0282 0103
D082427337: 0320 0310 0280 0422 0187 0220 0348 0176 0337 0215 0103
D0650650: 0464 0315 0275 0195 0461 0442 0254 0153 0093
D0864420: 0343 0380 0316 0351 0305 0131 0278 0103
D078308978: 0463 0449 0103 0257 0437 0233 0132
D0675258: 0285 0348 0161 0275 0103
D073738725: 0317 0447 0314 0380 0303 0214 0162 0218 0365 0103
D049296006: 0352 0387 0222 0416 0178 0153
D058982952: 0359 0335 0411 0103
D0505725: 0427 0413 0233 0283 0281 0432 0324 0224 0103
D089594841: 0371 0353 0120 0094
D0523617: 0450 0396 0008 0176 0172 0260 0070 0365 0063
D050033768: 0464 0356 0225 0174 0282 0103
D063901399: 0406 0327 0243 0333 0118 0176 0359 0063 0174 0163 0397 0027
D033579252: 0426 0399 0373 0449 0134 0103
D075660680: 0185 0171 0158 0425 0453 0072
D093643429: 0432 0177 0429 0103
D097436218: 0272 0344 0256 0199 0451 0132 0103
D027322604: 0267 0253 0141 0103
D0658553: 0456 0193 0122 0261 0103
D0963326: 0446 0252 0441 0053 0229 0453 0122 0108 0006
D0749541: 0402 0333 0328 0230 0049
