D064474854: 0461 0416 0239 0241 0451 0221
D065464519: 0297 0356 0221 0284 0265 0345
D037223007: 0376 0285 0221 0258 0296 0274
D0743534: 0455 0335 0329 0372 0276 0221
D0625316: 0391 0360 0295 0451 0259 0224 0232 0221
D028309468: 0234 0339 0220
D011461593: 0393 0385 0331 0291 0220
D094963489: 0397 0288 0463 0271 0220
D0922109: 0456 0448 0228 0396 0220
D0653572: 0459 0332 0329 0258 0381 0285 0220
D026796680: 0269 0442 0267 0220
D0910557: 0464 0366 0399 0220
D078258310: 0430 0273 0220
D038143182: 0452 0439 0424 0376 0390 0356 0220
D071951232: 0351 0245 0434 0220
D0804073: 0376 0336 0308 0423 0292 0382 0371 0220
D0756687: 0442 0382 0336 0408 0299 0281 0250 0236 0220
D078812192: 0405 0341 0220
D012007530: 0462 0258 0239 0220
D048245715: 0332 0359 0277 0454 0220
D074790296: 0442 0427 0374 0347 0220 0295 0375
D007708053: 0258 0454 0220
D073633488: 0393 0259 0220
D012109883: 0276 0437 0234 0323 0220
D050428007: 0309 0459 0374 0304 0219
D0965933: 0408 0232 0225 0220 0219
D056599787: 0440 0330 0234 0333 0245 0219
D045774119: 0268 0463 0330 0242 0245 0219
D021491627: 0317 0301 0225 0219
D0675069: 0325 0260 0443 0232 0219
D0780324: 0460 0411 0352 0334 0219
D0822793: 0411 0380 0324 0297 0219
D052964176: 0404 0262 0219
D086149273: 0456 0399 0342 0339 0291 0219
D034006771: 0333 0271 0219
D013886424: 0453 0390 0423 0367 0226 0219
D0630677: 0354 0332 0329 0316 0301 0264 0219
D011592006: 0283 0435 0415 0323 0447 0219
D0869796: 0289 0373 0223 0419 0219
D061468504: 0410 0313 0219
D007290619: 0444 0372 0221 0307 0219
D0625044: 0458 0442 0397 0390 0386 0271 0245 0445 0219
D025261349: 0380 0262 0219
D075312664: 0387 0274 0219
D097307990: 0420 0399 0326 0270 0218
D023490314: 0314 0284 0277 0407 0344 0218
D081445349: 0428 0284 0218
D0926915: 0438 0301 0341 0432 0336 0251 0378 0218
D0837628: 0364 0224 0463 0219 0218
D003487280: 0449 0464 0329 0264
D0630017: 0425 0344 0334 0403 0319 0219 0309 0218
D0810005: 0454 0413 0218 0383 0382 0253
D0837535: 0369 0356 0218
D009556935: 0421 0414 0420 0218 0362 0279
