D047724488: 0332 0408 0344 0298 0290 0278 0410 0101
D0993144: 0427 0426 0023 0380 0308 0294 0137
D072905678: 0396 0356 0230 0101 0143 0116
D0932638: 0436 0409 0109 0345 0037
D035017097: 0459 0298 0416 0101 0212 0164
D027641507: 0414 0369 0347 0332 0322 0147 0130 0105 0072
D017981750: 0331 0130 0260 0251 0168 0383 0099
D0917748: 0445 0355 0430 0216 0135 0114 0101
D072051948: 0382 0439 0061 0032 0002
D041063163: 0320 0063 0372 0051 0427 0038
D069383359: 0425 0251 0139 0101
D058288740: 0464 0311 0190 0088 0068 0061
D0856954: 0282 0215 0101 0145 0234 0135 0269 0110
D0761275: 0463 0101 0339 0462 0380 0148 0280
D041952474: 0361 0214 0358 0264 0171 0353 0303 0101
D011525509: 0430 0192 0097 0078
D005931392: 0443 0341 0310 0230 0238 0101
D0717517: 0435 0456 0417 0388 0366 0313 0128 0101
D0516804: 0464 0461 0408 0265 0435 0015 0398 0263 0236
D046649751: 0353 0323 0388 0216 0101
D0729245: 0269 0221 0214 0033 0009
D059719946: 0225 0180 0222 0363 0188 0430 0166 0101
D0835503: 0455 0381 0311 0269 0101
D037450946: 0455 0332 0228 0188 0101
D0544116: 0428 0128 0124
D043568659: 0384 0341 0220 0101 0121 0114
D093717755: 0427 0353 0211 0114 0130 0050
D0932593: 0428 0399 0371 0360 0332 0105 0101
D054731189: 0438 0421 0326 0200 0105 0280 0101
D006167455: 0420 0131 0101
D0927498: 0447 0184 0427 0226 0142
D041373705: 0293 0279 0263 0198 0185 0248 0156 0101
D0532713: 0423 0185 0103 0086 0463 0210 0204 0115 0010
D042220466: 0356 0292 0021 0248 0315 0171 0011
D062580021: 0373 0292 0218 0131 0130 0277 0101
D0876108: 0231 0408 0276 0119 0101
D0971941: 0407 0447 0367 0308 0101
D090019975: 0269 0045 0103 0224 0032 0417 0150 0019
D070655612: 0313 0237 0370 0101
D0771053: 0428 0326 0290 0278 0252 0101
D0881035: 0359 0341 0251 0112 0040
D0768850: 0413 0340 0314 0269 0321 0235 0159 0108 0101
D045003653: 0291 0325 0313 0406 0266 0101
D049470390: 0435 0252 0313 0132 0428 0090 0250 0053 0041
D0729729: 0368 0344 0460 0422 0379 0268 0395 0175 0194 0101
D0692039: 0396 0308 0364 0301 0279 0319 0105 0101
D061742635: 0347 0325 0309 0268 0101
