D0575996: 0444 0350 0451 0335 0110
D0550379: 0355 0128 0348 0102 0030
D079640763: 0363 0350 0307 0276 0255 0234 0219 0045 0225 0220 0064
D050642571: 0212 0192 0165 0099
D0612209: 0339 0337 0207 0205 0114
D068741716: 0272 0178 0099
D0940930: 0447 0177 0203 0123 0099
D062462662: 0400 0371 0366 0099
D0819819: 0402 0334 0310 0259 0233 0114 0154 0134 0067 0412 0066
D030576650: 0432 0287 0126 0419 0099
D0558133: 0433 0421 0373 0309 0099
D058557334: 0319 0236 0150 0120
D0574353: 0390 0330 0227 0209 0125 0367 0308 0112 0099
D003597699: 0319 0167 0281 0193 0181 0352 0099
D0996243: 0449 0419 0404 0462 0395 0394 0312 0276 0242 0230 0403 0169 0099
D0703702: 0330 0315 0104 0302 0144 0108 0009
D0638315: 0118 0104 0349 0103 0099
D093659017: 0375 0210 0108
D045902673: 0423 0131 0383 0219 0099
D048102346: 0399 0297 0374 0254 0099
D041335642: 0462 0369 0368 0385 0276 0325 0374 0099 0162 0222
D000196710: 0365 0312 0424 0099
D0665059: 0459 0454 0427 0368 0334 0440 0316 0099
D096508398: 0336 0237 0170 0182 0246 0165 0160 0425 0350 0306 0127
D056146134: 0428 0420 0186 0410 0316 0292 0381 0280 0282 0286 0102 0099
D074887248: 0434 0289 0426 0002 0158 0145 0356 0070 0359 0013
D048816472: 0174 0285 0116 0464 0099
D0534126: 0388 0239 0424 0277 0099
D0821785: 0464 0356 0343 0205 0194 0045 0099 0400 0094 0048
D0787267: 0285 0237 0304 0264 0162 0111 0096
D022476609: 0365 0356 0326 0224 0427 0217 0177 0099
D051399351: 0327 0187 0426 0114 0052
D0640663: 0386 0353 0340 0237 0209 0307 0247 0099
D052497636: 0300 0273 0271 0206 0285 0196 0330 0094 0067 0180 0051
D0694884: 0356 0298 0285 0431 0354 0269 0271 0245 0099
D0950628: 0286 0280 0228 0296 0221 0190 0292 0116 0099
D087371574: 0386 0140 0175 0070 0091 0066 0062 0119 0052
D098089277: 0441 0414 0349 0270 0215 0099 0189 0136 0174 0327 0157
D0994068: 0426 0380 0337 0276 0068 0007
D042312703: 0460 0368 0255 0425 0241 0177 0099 0207 0137
D076886751: 0342 0183 0175 0075
D022149916: 0361 0262 0453 0175 0099
D0901055: 0213 0206 0174 0465 0099
D0948828: 0458 0400 0122 0348 0099
