D007697739: 0449 0314 0099 0233 0110 0195 0105
D086439923: 0281 0254 0216 0386 0406 0099
D0779659: 0397 0400 0158 0426 0099
D015005045: 0403 0362 0379 0344 0099
D001262704: 0296 0287 0263 0191 0052 0276 0002
D0666374: 0281 0231 0278 0260 0076
D0826399: 0442 0330 0199 0431 0099
D0588541: 0463 0267 0215 0160 0425 0011 0080 0121 0057 0002
D036279715: 0434 0238 0132 0312 0067
D095354187: 0404 0238 0236 0214 0101 0143 0108 0416 0178 0099
D064162690: 0380 0177 0108 0284 0102 0099
D005954759: 0428 0359 0344 0326 0227 0123 0280 0099
D0713826: 0434 0309 0265 0255 0099
D066848806: 0392 0436 0299 0132 0086 0255 0011
D040633992: 0415 0349 0250 0224 0276 0057 0164 0204 0159
D087358797: 0444 0357 0224 0228 0248 0133 0099
D023516076: 0392 0353 0277 0106 0099
D059356684: 0418 0411 0363 0274
D034534977: 0429 0276 0321 0141 0377 0099
D077455239: 0367 0237 0160 0327 0210 0171 0331 0113 0179 0154 0316 0421 0009
D033224909: 0410 0337 0230 0102 0273 0189 0099
D069725029: 0463 0317 0373 0267 0215 0227 0334 0180 0163 0099
D005893416: 0401 0382 0131 0249 0099
D016614987: 0399 0303 0255 0365 0229 0159 0055
D0748060: 0448 0224 0187 0250 0213 0129 0158 0116 0099
D093060165: 0358 0212 0237 0145 0099
D028440635: 0434 0099 0396 0204 0180 0329
D0504757: 0449 0381 0384 0002 0303 0144 0005 0331 0180
D057897066: 0349 0347 0285 0242 0237 0220 0206 0171 0266 0099
D026196527: 0454 0447 0224 0099
D051047214: 0273 0135 0090 0140 0091 0027
D035743347: 0443 0382 0315 0215 0106 0071
D087868272: 0256 0176 0099
D084877642: 0463 0272 0409 0324 0190 0099
D0543420: 0428 0398 0391 0139 0099
D0959230: 0379 0332 0235 0181 0395 0284 0352 0099
D061020788: 0447 0352 0269 0180 0099
D0936260: 0303 0279 0300 0239 0157 0220 0221 0197 0100
D0546784: 0416 0254 0214 0146 0343 0192 0099
D004250678: 0447 0359 0216 0419 0163 0247 0099
D096809082: 0157 0451 0046 0296 0099 0011
D0966527: 0124 0023 0361 0352 0015
D066173861: 0426 0379 0290 0267 0239 0198 0113 0099 0197 0380 0174 0360
D0905272: 0422 0382 0402 0098 0257 0198 0201
D081178674: 0455 0400 0456 0252 0080 0201 0002
