D071492469: 0434 0379 0306 0311 0218 0304 0387 0286
D0645181: 0446 0444 0428 0218 0383 0374 0345 0221
D015172433: 0400 0367 0334 0445 0314 0256 0355 0236 0218
D055550413: 0384 0362 0218
D051115708: 0370 0354 0465 0348 0275 0256 0218
D070306088: 0267 0297 0229 0349 0437 0218
D094426250: 0395 0371 0273 0412 0218
D0858501: 0316 0279 0218
D087242966: 0454 0315 0241 0217
D087461848: 0450 0359 0334 0258 0255 0217
D0934313: 0441 0449 0434 0292 0373 0379 0217
D0546983: 0398 0351 0335 0405 0217
D0769920: 0431 0454 0360 0394 0217
D090808623: 0459 0455 0338 0217
D0501330: 0412 0227 0240 0231 0217
D0941052: 0463 0331 0245 0241 0217
D091811950: 0455 0451 0408 0325 0217
D072989920: 0377 0246 0435 0233 0217
D038650383: 0354 0387 0395 0331 0225 0397 0217
D0741310: 0368 0328 0417 0385 0217
D0885727: 0374 0311 0278 0356 0240
D0862722: 0464 0376 0310 0217
D0665972: 0453 0430 0377 0351 0457 0217 0319 0241 0404 0228 0235
D040012599: 0311 0276 0217
D080807780: 0402 0389 0348 0281 0217
D098920938: 0438 0386 0258 0216
D020467845: 0432 0368 0216
D005614233: 0446 0323 0388 0216
D0842835: 0387 0342 0280 0235 0268 0236 0430 0322 0216
D088047423: 0370 0234 0216
D097026310: 0457 0421 0358 0352 0282 0216
D012920983: 0339 0333 0344 0290 0216
D022311474: 0450 0449 0216
D0779486: 0449 0232 0379 0310 0216
D027141144: 0337 0231 0215
D028536307: 0460 0350 0296 0224 0354 0261 0216 0215
D0928918: 0312 0225 0215
D016704374: 0215 0318 0299 0418 0271 0389
D0503087: 0401 0354 0330 0302 0215
D002075532: 0461 0236 0418 0266 0374 0287
D0601268: 0399 0361 0283 0282 0215
D093421317: 0464 0366 0265 0254 0215
D044655334: 0273 0319 0219 0215
D086098557: 0336 0328 0274 0256 0215
D0778644: 0399 0334 0276 0290 0215
D0994689: 0447 0307 0215
D048067911: 0303 0424 0325 0302 0233 0215
D044865252: 0319 0338 0325 0272 0215
D099219086: 0408 0409 0405 0215
D036597444: 0415 0280 0215
D0912996: 0361 0321 0319 0277 0270 0462 0316 0304 0214
D0649675: 0320 0363 0301 0376 0317 0368 0214
D062338257: 0435 0277 0249 0247 0237 0214
D0645767: 0423 0366 0349 0268 0214
