D0733210: 0415 0355 0198 0098 0144 0330 0328
D095350653: 0420 0167 0314 0238 0100 0098
D0948596: 0226 0204 0098
D019178813: 0289 0263 0244 0138 0366 0098
D0761336: 0454 0098 0391 0371 0313 0197
D0642647: 0450 0167 0218 0134 0365 0098
D022086815: 0370 0098 0359 0320 0300 0204
D0876148: 0458 0325 0167 0209 0097 0282 0173 0029
D0525763: 0373 0295 0429 0226 0098
D029627639: 0402 0354 0331 0318
D0525057: 0418 0400 0397 0371 0290 0281 0192 0197 0098
D087978735: 0377 0098 0366 0369 0211 0196 0208
D020128302: 0371 0437 0111 0098
D0512503: 0462 0275 0111 0197 0098
D067657216: 0316 0199 0109 0239 0186 0098
D0892212: 0397 0392 0176 0163 0171 0328 0098
D060627261: 0457 0351 0345 0342 0164 0020 0134 0408 0311 0299
D0929912: 0302 0211 0451 0304 0098
D0553872: 0455 0393 0392 0193 0190 0343 0192 0166 0098
D080611165: 0447 0344 0285 0430 0098 0248 0234
D0997117: 0423 0418 0392 0105 0333 0431 0312 0332 0098
D0680015: 0415 0226 0039 0147 0138 0075 0006
D023507111: 0463 0227 0098
D041969915: 0309 0272 0425 0208 0098
D0552608: 0430 0203 0179 0167 0012 0192 0060
D050454402: 0294 0432 0372 0224 0170 0154 0161 0399 0100 0138 0098
D0622226: 0416 0408 0433 0279 0171 0169 0387 0295 0013
D0831042: 0223 0274 0100 0443 0098
D0996088: 0463 0398 0320 0300 0171 0274 0160 0119
D0779361: 0325 0337 0311 0179 0172 0329 0087 0175 0049
D0614570: 0400 0312 0182 0337 0001
D028835806: 0202 0173 0051
D001482409: 0337 0170 0306 0195 0147 0098
D030997257: 0300 0115 0213 0096 0034
D075254056: 0444 0456 0379 0245 0190 0009 0071 0033 0014 0003
D0627603: 0385 0262 0216 0299 0098
D056794854: 0378 0301 0152 0098
D093229999: 0443 0450 0438 0247 0342 0302 0180 0002
D025741049: 0181 0119 0017
D0994558: 0458 0343 0288 0224 0004 0271 0174 0075 0170 0094 0026 0032 0005
D086782425: 0265 0247 0199 0172 0332 0098
D0601009: 0416 0308 0283 0182 0098
D078173279: 0436 0263 0207 0113 0108 0132 0098
D059089957: 0460 0444 0388 0339 0285 0129 0098
D095765242: 0329 0114 0320 0244 0115 0098
D083931505: 0432 0336 0004 0119 0312 0110 0084 0053
