D062851558: 0415 0383 0249 0279 0132 0096
D027649015: 0328 0303 0179 0129 0223 0116
D072225844: 0452 0413 0143 0134 0428 0186 0090 0069 0009
D090481604: 0427 0411 0311 0222 0152 0144 0286 0133 0177 0096
D066636465: 0457 0378 0243 0321 0178 0261 0214 0107 0047
D045300875: 0291 0242 0135 0221 0123 0410 0375 0121 0228 0096
D007803024: 0450 0275 0163 0096
D0560113: 0453 0161 0143 0359 0111 0151 0459 0102 0096
D0518443: 0408 0267 0148 0136 0331 0175 0103 0096
D0715793: 0276 0262 0198 0428 0090 0138 0115 0108 0196
D005049110: 0358 0247 0219 0305 0098
D025493214: 0316 0197 0140 0138 0297 0096
D0962822: 0349 0263 0245 0239 0096
D082011994: 0372 0309 0299 0431 0151 0210 0433 0177 0348 0306 0101
D0743613: 0435 0287 0102 0354 0096
D080176459: 0456 0303 0395 0096
D093944069: 0442 0436 0199 0184 0096
D030450035: 0309 0194 0241 0170 0302 0087
D036057351: 0451 0437 0425 0136 0235 0200 0340 0248 0133 0155 0240 0096
D092525672: 0459 0378 0287 0257 0219 0096 0424 0254 0303 0227 0367 0185
D025451344: 0433 0355 0351 0331 0156 0142 0126 0416 0116 0096
D022138835: 0273 0070 0059 0034
D050412266: 0449 0434 0273 0127 0106 0374 0050
D047039117: 0329 0252 0449 0096
D0882754: 0374 0334 0317 0290 0137 0384 0190 0096
D0648260: 0142 0138 0119 0199 0096
D092739543: 0274 0437 0217 0194 0347 0047 0180 0085 0326 0321 0051 0083
D065862650: 0423 0330 0265 0239 0456 0169 0136 0114 0107 0421 0096
D048990844: 0353 0100 0025 0072 0002
D0901870: 0350 0397 0253 0160 0096
D006388683: 0368 0305 0254 0413 0231 0096
D0685792: 0253 0228 0096
D094013726: 0427 0357 0343 0334 0244 0262 0199
D0949443: 0439 0350 0168 0457 0091
D021560255: 0119 0091 0032
D0908852: 0393 0397 0223 0379 0181 0116 0021
D0709349: 0404 0450 0373 0098 0248 0240 0154 0214
D0672553: 0430 0427 0393 0231 0134 0106 0072 0009
D061607149: 0196 0239 0105 0071 0040
D0987941: 0417 0415 0412 0256 0096 0228 0365 0137 0338 0132 0177
D0840944: 0454 0452 0446 0430 0100 0030
D0769542: 0283 0342 0096
D010516058: 0458 0301 0278 0266 0096
D021790607: 0322 0206 0339 0168 0210 0195 0067 0051 0443 0358 0045
