D036154135: 0300 0271 0251 0214
D083779855: 0333 0429 0282 0214
D089698969: 0348 0325 0244 0214 0305 0230
D033982212: 0436 0404 0377 0272 0323 0348 0341 0428 0214
D048966276: 0446 0271 0246 0214
D0993603: 0418 0412 0277 0335 0214
D037567606: 0420 0380 0377 0249 0245 0214
D0758474: 0333 0329 0319 0272 0214
D0767183: 0417 0391 0283 0451 0214
D0744548: 0259 0335 0214
D098410477: 0420 0450 0295
D0895698: 0409 0308 0215 0345 0214
D096727126: 0435 0352 0278 0345 0214
D0597236: 0331 0353 0297 0288 0214
D031153829: 0345 0430 0213
D0771481: 0336 0221 0455 0358 0213
D026533391: 0237 0235 0403 0425 0323 0213
D099458249: 0414 0433 0367 0213
D017579308: 0397 0432 0281 0216 0213
D005591978: 0367 0354 0213
D0721362: 0355 0464 0284 0353 0213
D0510131: 0437 0427 0311 0423 0213
D048591997: 0463 0402 0276 0352 0264 0213 0258 0228
D0952835: 0247 0233 0398 0229 0213
D040405513: 0448 0268 0263 0213
D074555109: 0355 0392 0278 0213
D0905469: 0391 0329 0314 0411 0270 0269 0267 0262 0213
D074612918: 0238 0234 0218 0400 0213
D0675628: 0458 0428 0321 0363 0376 0385 0216 0213
D041257029: 0365 0306 0267 0449 0213
D0601826: 0463 0459 0325 0429 0238 0253 0377 0213
D0605388: 0457 0419 0378 0374 0321 0353 0213
D080398028: 0245 0455 0213
D074238699: 0460 0423 0363 0307 0279 0391 0213
D000301459: 0391 0212 0376 0244 0217 0439 0353
D096958483: 0365 0386 0377 0333 0212
D043599073: 0440 0388 0231 0332 0214 0212
D022310071: 0460 0406 0266 0304 0428 0261 0247 0212
D0597873: 0449 0447 0212
D069141201: 0463 0457 0444 0242 0303 0317 0212
D016280175: 0226 0367 0212
D0817770: 0347 0309 0278 0458 0437 0358 0212
D058334522: 0429 0366 0318 0265 0212
D028108696: 0420 0409 0264 0241 0212
D0673160: 0408 0326 0302 0301 0212
D071057170: 0412 0371 0212
D0522036: 0435 0381 0212
D069501739: 0417 0387 0355 0211 0318 0419 0315 0308 0260
D012737963: 0337 0238 0211
D0657386: 0276 0274 0272 0464 0232 0268 0258 0455 0211
D0899040: 0406 0320 0211
D071364780: 0335 0272 0293 0211
D002400082: 0356 0325 0211 0321 0278 0342
D055029995: 0462 0442 0267 0211
