D0989723: 0386 0338 0293 0230 0197 0373 0215 0170 0045
D056305197: 0377 0338 0332 0273 0196 0095
D0779583: 0426 0404 0360 0358 0233 0410 0095 0209 0132
D028197331: 0396 0378 0347 0328 0261 0223 0095
D0596560: 0408 0301 0159 0424 0111 0334 0108 0295 0095
D0935304: 0339 0272 0424 0332 0242 0138 0129
D095944371: 0317 0270 0263 0161 0095
D068154318: 0327 0155 0212 0145 0054 0028 0017 0394 0010
D045149597: 0269 0457 0105 0255 0465 0106 0095
D067590858: 0457 0441 0383 0288 0122 0369 0255 0095
D0726529: 0424 0238 0190
D097651031: 0455 0400 0333 0165
D002685113: 0446 0095 0323 0148 0320 0252
D097416364: 0440 0026 0364 0261 0214 0124
D000632546: 0447 0379 0278 0423 0235 0095 0270 0260 0437 0320 0126
D015217745: 0428 0361 0206 0419 0182 0095
D053754257: 0441 0397 0296 0280 0151 0099
D064235981: 0435 0293 0155 0261 0270 0145 0168 0079
D052417399: 0375 0302 0095
D099024642: 0379 0229 0184 0261 0157 0139 0095
D023088009: 0291 0210 0434 0122 0095
D049913323: 0434 0432 0427 0351 0095 0339 0264 0129 0166
D005707119: 0378 0095 0145 0094 0014
D098617258: 0439 0279 0204 0235 0171 0095
D0803301: 0436 0413 0379 0095 0212 0218 0148 0134 0102
D0503806: 0367 0344 0417 0205 0095
D095736532: 0412 0230 0221 0155 0133 0095
D0681423: 0355 0328 0287 0186 0013
D054171527: 0440 0324 0302 0144 0095
D0980327: 0428 0353 0332 0421 0273 0189 0219 0095
D017261852: 0417 0376 0272 0399 0154 0133
D029395507: 0403 0371 0349 0418 0226 0043 0254 0050 0419 0083
D0805321: 0327 0119 0424 0111 0284 0255 0095
D094830767: 0438 0098 0106 0095
D0803086: 0412 0359 0296 0101 0095
D090266508: 0445 0299 0232 0217 0089 0030
D0663217: 0220 0312 0440 0329 0240 0212 0095
D0820803: 0444 0397 0296 0284 0454 0411 0350 0162 0036
D0928244: 0442 0184 0176 0168 0078 0042 0049 0064
D079794718: 0459 0158 0384 0360 0333 0095
D0843404: 0445 0356 0290 0261 0340 0198 0095
D0885467: 0335 0290 0172 0150 0129 0104 0095
D024804790: 0440 0175 0299 0430 0155 0140 0095
D026308791: 0338 0316 0135 0126 0095
D090819261: 0450 0393 0270 0311 0172
