D085561113: 0313 0194 0173 0122 0212 0095 0121 0100
D0671213: 0370 0307 0359 0246 0218 0147 0067
D0855929: 0363 0403 0315 0242 0095
D069686283: 0398 0382 0261 0381 0123 0105 0414 0095
D0954044: 0327 0430 0177 0284 0095
D0897129: 0457 0239 0208 0194 0095
D0953204: 0417 0267 0093
D0641584: 0256 0168 0171 0149 0253 0131 0428 0090
D0589294: 0432 0387 0352 0095 0300 0234 0103
D046665188: 0404 0347 0258 0355 0226 0216 0187 0151 0095
D0541495: 0262 0250 0105 0067 0378 0061 0220 0039
D0788400: 0451 0216 0247 0164 0095
D053834492: 0442 0428 0095 0410 0438 0304
D0664563: 0243 0392 0169 0159 0390 0194 0095
D085462236: 0449 0161 0440 0336 0307 0264 0249 0397 0131 0156 0095 0127
D093146623: 0445 0362 0306 0161
D019484839: 0446 0308 0397 0310 0411 0145 0003 0174 0110 0104 0438 0091 0044
D026807225: 0445 0312 0134 0413 0192 0095
D0631585: 0428 0426 0095 0349 0260 0401 0464 0131
D001242188: 0251 0223 0306 0241 0095 0209 0201 0111
D071705484: 0345 0318 0357 0114 0095
D039030818: 0446 0373 0462 0095
D0548766: 0379 0375 0240 0123 0215 0076 0322 0001
D0911658: 0408 0398 0325 0095 0272 0096 0244
D083358838: 0265 0218 0095
D012713011: 0385 0349 0115 0095
D0837672: 0320 0417 0111 0369 0095
D040363066: 0407 0327 0270 0462 0095
D0848998: 0448 0421 0297 0204 0276 0164 0117 0285 0107
D073160526: 0397 0335 0170 0094
D038475474: 0461 0405 0229 0177 0094
D042492504: 0360 0455 0097 0116 0101 0302
D0869759: 0177 0147 0094 0374 0020
D015865137: 0415 0130 0094
D087982138: 0331 0138 0115 0083 0039 0025
D0656158: 0397 0311 0200 0377 0039 0353 0047
D006981945: 0368 0094 0351 0207 0109 0321
D036405565: 0323 0154 0100 0320 0094
D050709601: 0263 0116 0239 0092
D052881473: 0395 0142 0246 0264 0171 0312 0094
D065420843: 0363 0261 0213 0263 0122 0119 0077
D095365282: 0460 0425 0357 0284 0126 0031
D0557199: 0444 0180 0429 0278 0268 0243 0094
D075851149: 0320 0271 0208 0113 0034 0032 0007
D0741231: 0459 0125 0094
D051846091: 0449 0114 0189 0274 0165 0094
D043358281: 0370 0297 0256 0396 0179 0177 0399 0296 0160 0209 0094
