D0751625: 0419 0315 0208 0153 0094
D078712010: 0375 0312 0201 0376 0094
D003383223: 0344 0343 0294 0247 0093 0179 0286
D044604387: 0372 0356 0449 0273 0094
D019280080: 0303 0283 0270 0356 0183 0177 0205 0361 0149 0214 0094
D042944737: 0452 0363 0205 0396 0162 0122 0093 0340 0155 0071 0392 0150
D096344170: 0287 0310 0284 0349 0146 0226 0094
D059121541: 0451 0304 0258 0183 0136 0094
D015528377: 0373 0366 0359 0319 0335 0147 0146 0237 0032
D0723025: 0343 0337 0170 0008
D0703792: 0349 0240 0094 0220 0105 0243 0099
D0884030: 0424 0428 0094 0400 0147 0099 0152
D065997369: 0415 0421 0309 0216 0155 0104
D078917736: 0284 0311 0269
D0604387: 0410 0258 0149 0352 0039
D095608570: 0094 0312 0198 0179 0339 0106
D0729429: 0452 0261 0186 0128 0272 0022
D012434879: 0404 0230 0349 0094
D0644619: 0445 0433 0323 0097 0290 0274 0291 0208
D0765958: 0410 0375 0363 0252 0105 0293 0104 0218 0094
D0778786: 0420 0414 0399 0279 0178 0149 0137 0094
D018077384: 0263 0231 0440 0303 0147 0134 0354 0330 0094
D042194897: 0403 0293 0129 0117 0094
D0995860: 0440 0439 0362 0326 0334 0196 0094
D0759367: 0310 0122 0107
D0852868: 0243 0240 0111 0185 0034
D096136751: 0446 0454 0411 0362 0413 0393 0244 0190 0345 0050
D092982727: 0448 0395 0272 0120 0094
D011740773: 0297 0425 0291 0101
D064604145: 0390 0296 0237 0259 0189 0094
D076510854: 0274 0127 0094
D073623205: 0427 0374 0328 0321 0424 0246 0206 0135 0020 0112 0329 0041
D0529173: 0438 0398 0375 0335 0163 0205 0123 0326 0094
D066538493: 0279 0452 0396 0243 0205 0384 0039 0136 0387 0050 0055
D0721932: 0337 0268 0094
D025135534: 0415 0401 0363 0336 0181 0112 0270 0152 0094
D053617422: 0303 0284 0146 0360 0346 0218 0233 0137 0094
D088830698: 0123 0449 0433 0036
D024733212: 0438 0435 0399 0293 0158 0392 0094
D016793415: 0431 0405 0119 0105 0440 0071
D0798184: 0463 0336 0299 0285 0146 0361 0104 0222 0079
D0584693: 0288 0428 0315 0189 0094
D069370847: 0365 0154 0283 0203 0431 0094
D0930931: 0423 0291 0240 0312 0094 0172 0260 0175
D028680703: 0429 0419 0094 0251 0260 0243
D037133009: 0295 0194 0100 0094
