D0585425: 0460 0425 0280 0245 0211
D017106719: 0425 0325 0464 0247 0211
D0825011: 0445 0345 0273 0404 0327 0211
D094511475: 0456 0248 0367 0315 0211
D059031130: 0333 0454 0211
D0877896: 0443 0389 0394 0298 0211
D0998182: 0351 0245 0454 0257 0211
D041498958: 0379 0364 0355 0327 0346 0225 0304 0245 0213 0344 0211
D023048089: 0399 0364 0251 0297 0293 0211
D071057606: 0211 0450 0304 0224 0456 0217
D055346528: 0429 0210 0327 0296 0277 0390 0249
D052563225: 0322 0270 0222 0210
D039266859: 0385 0239 0375 0353 0330 0210
D083556883: 0350 0398 0229 0448 0210
D0794364: 0427 0393 0324 0257 0210
D043422166: 0462 0406 0389 0381 0267 0291 0210
D038154133: 0366 0348 0285 0210
D0955656: 0307 0317 0210
D048589857: 0238 0279 0210
D085313354: 0436 0400 0210 0327 0354 0225 0288
D044143169: 0441 0433 0411 0374 0210
D0576536: 0403 0282 0210
D0552735: 0420 0444 0440 0393 0210
D041998816: 0358 0213 0210
D0659712: 0464 0348 0210
D0636238: 0458 0288 0444 0209
D034984932: 0404 0357 0264 0345 0246 0209
D060636591: 0387 0343 0277 0242 0347 0292 0209
D068169435: 0448 0426 0271 0302 0233 0268 0209
D059119470: 0433 0423 0377 0209
D055373296: 0414 0276 0310 0237 0209
D032965018: 0326 0259 0283 0233 0254 0210 0425 0209
D081157877: 0422 0366 0294 0209
D012926893: 0456 0319 0255 0326 0216 0209
D083558627: 0422 0208 0387 0366 0318 0313
D036554393: 0427 0344 0340 0289 0277 0221 0214 0208
D020252717: 0360 0208 0295 0261 0335 0246
D095581989: 0376 0367 0213 0304 0208
D030353244: 0378 0331 0461 0208
D0696825: 0358 0226 0208
D014566233: 0259 0377 0222 0299 0208
D053034212: 0411 0256 0269 0208
D0502714: 0446 0461 0208
D0724838: 0448 0413 0334 0284 0262 0225 0208
D095564630: 0273 0264 0241 0365 0428 0208
D064417349: 0296 0389 0379 0218 0208
D0510374: 0398 0333 0289 0443 0208
D0903128: 0344 0285 0217 0208
D0547920: 0402 0306 0237 0208
D035353966: 0462 0232 0460 0448 0328 0208
D0753589: 0318 0294 0315 0213 0208
D0536993: 0434 0213 0208
D0946759: 0398 0226 0215 0227 0208
D086536851: 0397 0377 0316 0285 0436 0256 0289 0430 0332 0248 0208
