D027262672: 0395 0356 0466 0282 0230 0079
D099466701: 0434 0407 0400 0345 0289 0194 0092 0154 0146 0137
D036629480: 0380 0408 0373 0339 0320 0310 0134
D012097135: 0280 0220 0195 0137 0121 0092
D083401374: 0437 0419 0327 0409 0182 0339 0262 0387 0220 0334 0152 0398 0092
D0738469: 0457 0438 0383 0428 0312 0305 0229 0216 0030
D044338435: 0434 0435 0265 0104 0092
D057012537: 0406 0382 0395 0343 0316 0299 0253 0085
D041118375: 0402 0189 0136 0098 0092
D055879439: 0390 0181 0131 0304 0092
D071482903: 0191 0364 0397 0275 0280 0380 0221 0339 0144 0125 0104 0092
D061845251: 0457 0198 0287 0279 0214 0092
D072658550: 0161 0338 0041 0018
D045033285: 0452 0320 0293 0065
D027785492: 0466 0404 0275 0280 0278 0268 0240 0344 0235 0092 0162 0265 0180
D032416442: 0193 0178 0110 0051 0043
D052707445: 0401 0376 0310 0217 0092
D0511637: 0380 0303 0433 0421 0024
D097463474: 0395 0353 0318 0231 0217 0205 0191 0291 0098 0453 0092
D020326845: 0335 0100 0156 0247 0182 0186 0092
D022109484: 0409 0338 0331 0310 0278 0382 0093 0264 0198 0043
D006625009: 0419 0446 0363 0428 0295 0300 0149 0105 0092
D0501144: 0273 0123 0399 0108 0299 0092
D029578061: 0293 0280 0271 0019
D0961093: 0169 0463 0115 0210 0092
D0898794: 0261 0424 0164 0150 0005
D029567355: 0177 0301 0407 0373 0371 0092
D0623406: 0312 0151 0261 0443 0266 0422 0232 0038
D048078153: 0334 0306 0092 0264 0440 0242
D0681036: 0391 0283 0188 0157 0142
D011502012: 0465 0232 0360 0445 0092 0219 0440 0378 0207 0112 0412 0230
D008702401: 0289 0181 0061 0049
D061688322: 0402 0334 0119 0177 0171 0140 0092
D052727153: 0421 0373 0445 0370 0271 0092
D077290373: 0451 0424 0326 0234 0147 0097
D060845900: 0377 0353 0273 0204 0191 0092
D000888875: 0388 0395 0190 0092
D0818286: 0355 0269 0187 0092 0243 0152 0451 0289 0139
D0895806: 0429 0402 0338 0136 0190 0466 0301 0115 0092
D0516394: 0419 0192 0263 0169 0140
D059385585: 0438 0411 0426 0384 0371 0346 0092
D009428300: 0399 0457 0297 0185 0107 0092
D036052998: 0462 0405 0425 0376 0273 0193 0253 0104 0092
D008167408: 0220 0461 0316 0092
