D0689022: 0419 0433 0393 0178 0363 0214 0271
D061409927: 0418 0407 0107 0092
D0870976: 0334 0117 0062 0337 0019
D0801545: 0335 0241 0256 0215 0293 0149 0459 0163 0092
D021459092: 0427 0318 0382 0320 0092 0263 0205 0198
D047965058: 0428 0407 0402 0314 0289 0255 0213 0189 0092
D055567176: 0397 0092 0154 0142 0423 0311 0118
D0867576: 0366 0178 0011 0173 0009
D0632338: 0101 0272 0296 0213 0208 0435 0288 0092
D0998753: 0398 0282 0111 0133 0080
D041334461: 0425 0420 0092 0406 0378 0340 0159
D029367221: 0340 0263 0243 0163 0100
D042687214: 0391 0379 0092
D0838282: 0192 0242 0147 0369 0256 0116 0155 0092
D003614969: 0449 0092 0243 0360 0190 0145
D085187641: 0460 0343 0295 0287 0196 0044 0028 0372 0017
D0506795: 0283 0287 0269 0208 0092
D004785200: 0417 0136 0222 0100 0305 0050
D031280532: 0384 0186 0367 0338 0271 0191 0173 0252 0170 0137 0383 0243 0092
D041338957: 0226 0215 0171 0279 0092
D076442414: 0465 0431 0391 0380 0344 0292 0273 0060 0028
D012388035: 0289 0269 0394 0285 0244 0181 0125 0174 0092
D0987715: 0327 0256 0273 0036 0033
D081999569: 0450 0325 0177 0291 0092
D008191137: 0450 0436 0419 0273 0378 0189 0275 0226 0075 0037
D054832329: 0362 0461 0438 0153 0092
D047754652: 0454 0117 0092
D073916901: 0258 0193 0128 0103 0358 0092
D078811195: 0444 0424 0357 0336 0286 0180
D0945788: 0275 0461 0239 0116 0089
D039948847: 0254 0199 0169 0236 0230 0197 0360 0092
D0758721: 0436 0342 0323 0146 0002
D058229958: 0447 0204 0457 0337 0092
D058204276: 0092 0360 0213 0178 0414 0317
D097695653: 0412 0435 0406 0398 0092 0382 0322 0301 0185
D0628534: 0404 0223 0462 0439 0380 0240 0147 0346 0092
D0655509: 0464 0347 0328 0123 0182 0308 0136 0092
D022994653: 0462 0451 0431 0306 0234 0243 0207 0179 0155 0102
D067976812: 0454 0428 0357 0339 0237 0235 0042 0175 0254 0057 0162 0044
D034582381: 0341 0232 0027 0437 0022
D0929718: 0462 0438 0407 0209 0306 0389 0107 0092
D0821319: 0270 0237 0336 0205 0064 0462 0377 0039 0023
D0721706: 0378 0294 0256 0098 0092
D024642927: 0441 0259 0142 0092
D019022352: 0445 0001 0325 0312 0250 0346
