D051196745: 0403 0244 0156 0415 0179 0091
D081429967: 0437 0334 0351 0331 0037
D0871609: 0463 0404 0390 0299 0318 0091 0275 0183
D064698830: 0434 0329 0267 0125 0243 0006
D070111194: 0439 0116 0103 0102 0091
D018082494: 0341 0325 0297 0252 0125 0110 0078 0302 0018
D024416559: 0455 0362 0361 0025 0095 0010
D038866166: 0335 0442 0137 0042 0108 0082 0092 0251 0059
D008362896: 0369 0363 0344 0353 0275 0172 0151 0137 0113 0105 0082
D0913968: 0372 0361 0314 0257 0223 0159 0182 0151 0091
D070170481: 0464 0214 0210 0090
D0883977: 0424 0328 0150 0458 0453 0358 0262 0387 0090
D0652893: 0255 0237 0207 0252 0170 0090 0110 0095
D000255189: 0379 0127 0107 0090
D0704247: 0456 0422 0324 0450 0388 0215 0201 0179 0090
D097154631: 0464 0396 0090
D074620517: 0446 0445 0324 0252 0187 0334 0250 0145 0196 0090
D011006428: 0408 0356 0274 0240 0090 0138 0280 0247 0101
D0998970: 0455 0448 0263 0394 0391 0296 0270 0090 0210 0226 0091 0198 0159
D0707239: 0459 0453 0318 0311 0090 0094 0269 0414 0270
D029916542: 0201 0105 0297 0090
D036955466: 0343 0192 0441 0206 0021 0220 0439 0009
D057869148: 0241 0227 0331 0221 0259 0261 0090
D073265504: 0464 0354 0067 0063 0023
D0778492: 0361 0090 0305 0162 0178 0399 0326 0160
D0948511: 0291 0222 0206 0096 0090
D043778058: 0135 0192 0150 0109 0354 0090
D022315526: 0337 0301 0127 0352 0283 0100 0090
D0764897: 0216 0174 0301 0136 0102
D0755919: 0365 0360 0090
D0980648: 0282 0278 0137 0079 0059
D076547072: 0458 0369 0178 0081
D029114955: 0409 0407 0090
D0743867: 0305 0321 0170 0423 0090
D020833190: 0157 0386 0344 0457 0067 0045
D0742918: 0253 0229 0156 0175 0452 0162 0211 0327 0090
D058687383: 0165 0340 0339 0323 0090
D084982858: 0333 0423 0167
D057437880: 0384 0332 0376 0170 0126 0031
D0804662: 0385 0268 0227 0159 0090
D049419726: 0403 0416 0344 0280 0193 0367 0090
D029370399: 0439 0429 0166 0157 0090
D003070741: 0352 0300 0299 0227 0066 0034 0357 0336 0315 0017
D028651987: 0382 0324 0301 0282 0278 0291 0274 0114 0099 0410 0264 0097 0090
D016774650: 0465 0265 0090
D0663216: 0191 0188 0140 0154 0090
