D0620844: 0461 0436 0399 0326 0237 0090 0312 0148
D0526128: 0448 0372 0346 0263 0212 0108 0418 0071 0428 0035
D090170119: 0397 0090 0195 0192 0410 0375
D035312314: 0465 0440 0439 0395 0388 0285 0118 0163 0224 0207
D091242143: 0441 0391 0335 0190 0105 0048 0135 0453 0382 0045 0024
D0822362: 0356 0344 0090 0295 0302 0411 0127 0103
D0959169: 0456 0316 0210 0157 0090
D085677074: 0309 0275 0150 0090
D080286707: 0460 0363 0462 0226 0189 0219 0286 0151 0101
D0796443: 0432 0388 0365 0401 0273
D0829845: 0321 0235 0221 0162 0144 0127 0196 0090
D091371362: 0379 0359 0172 0361 0120 0244 0100 0344 0076
D034157657: 0361 0290 0301 0263 0255 0059
D0977633: 0414 0375 0120 0313 0231 0144 0090
D047495395: 0349 0141 0015
D0546995: 0416 0413 0310 0218 0134 0132 0090
D038259319: 0313 0046 0017
D0979614: 0357 0348 0281 0096 0090
D000728768: 0164 0323 0090
D005120338: 0427 0416 0402 0328 0353 0240 0156 0149 0090
D0989110: 0282 0400 0090
D091358530: 0374 0334 0298 0330 0327 0302 0229 0199 0167 0145 0087 0017
D0719220: 0416 0299 0205 0198 0463 0090
D072824764: 0407 0397 0329 0282 0196 0130 0032
D087662139: 0417 0394 0292 0090 0251 0154
D088224374: 0445 0435 0248 0090
D0563667: 0364 0333 0256 0396 0243 0090 0110 0157 0191
D0539279: 0445 0343 0281 0272 0146 0268 0363 0084 0052
D024504980: 0332 0113 0271 0160 0095
D0928132: 0343 0256 0245 0137 0123 0109 0440 0091 0208 0090
D025214383: 0353 0330 0302 0137 0245 0010
D093196383: 0465 0314 0090
D030896901: 0386 0182 0061 0093 0419 0112 0032
D0616931: 0440 0326 0307 0209 0090 0210 0200
D0751615: 0369 0347 0329 0264 0149 0119 0182 0110 0090
D0754183: 0305 0246 0050 0206 0003
D086835640: 0389 0407 0369 0248 0144 0090
D0627207: 0275 0110 0090
D021280443: 0319 0262 0236 0001 0144 0089 0099 0017
D0583588: 0411 0361 0282 0277 0156 0391 0246 0091 0386 0090
D085475649: 0455 0420 0313 0258 0102
D0656606: 0326 0321 0274 0120 0201 0264 0400 0094 0090
D065031773: 0402 0368 0273 0153 0244 0026
D008717092: 0366 0106 0297 0135 0090
D0979687: 0359 0234 0169 0091 0090
