D016856158: 0440 0279 0208
D0726576: 0415 0324 0208
D010359006: 0379 0348 0322 0438 0408 0208
D093563314: 0336 0226 0425 0208
D0649188: 0456 0455 0421 0342 0302 0410 0317 0304 0208
D037216573: 0395 0382 0347 0221 0208
D0628200: 0387 0277 0271 0298 0207
D028527329: 0459 0387 0253 0338 0370 0244 0207
D0983399: 0378 0253 0216 0294 0207
D0888211: 0465 0392 0378 0252 0207
D011676577: 0423 0346 0331 0309 0207
D091672858: 0422 0259 0356 0355 0453 0207
D0853455: 0461 0417 0207
D095234281: 0348 0314 0207
D0782248: 0358 0435 0302 0217 0207
D095183749: 0433 0383 0280 0207
D098780389: 0451 0450 0434 0329 0275 0270 0210 0435 0207
D0772397: 0446 0403 0387 0386 0338 0314 0420 0239 0207
D027488898: 0448 0313 0394 0207
D099807955: 0332 0316 0281 0217 0207
D079438018: 0413 0342 0269 0207
D001416626: 0442 0431 0387 0207 0374 0364
D0952006: 0460 0444 0428 0418 0207
D0914263: 0386 0238 0222 0362 0207
D061607392: 0437 0420 0345 0206 0291 0221
D079669078: 0451 0434 0432 0221 0220 0400 0398 0206
D084459664: 0463 0341 0349 0212 0239 0237 0340 0206
D032594621: 0438 0245 0242 0398 0360 0206
D095141046: 0374 0314 0259 0206
D0622696: 0370 0266 0341 0279 0232 0386 0208 0206
D000819794: 0317 0433 0367 0206
D037768393: 0393 0369 0270 0263 0253 0245 0206
D0873763: 0454 0427 0412 0320 0415 0354 0206
D0814971: 0386 0381 0314 0313 0457 0297 0206
D097177449: 0379 0381 0272 0206
D016195080: 0453 0452 0437 0407 0363 0348 0317 0313 0244 0206
D032911985: 0464 0334 0439 0255 0245 0285 0206
D0964381: 0388 0241 0218 0231 0205
D064942339: 0369 0232 0220 0252 0205
D014704888: 0354 0232 0327 0248 0205
D0640122: 0430 0376 0260 0251 0214 0205
D0564969: 0408 0213 0310 0222 0339 0205
D0639327: 0438 0396 0347 0336 0205
D022993144: 0441 0412 0205 0372 0266 0222 0217
D0773795: 0359 0367 0211 0384 0205
D078973534: 0422 0278 0276 0405 0205
D028221104: 0429 0419 0293 0300 0205
D0827893: 0362 0310 0205 0309 0400 0261 0254
D054310322: 0219 0380 0205
D0689506: 0373 0340 0205 0277 0269 0213 0281 0212
D021518317: 0446 0378 0270 0253 0205
