D077638298: 0397 0442 0391 0090 0261 0387 0316 0315
D067898220: 0186 0125 0130 0247 0119 0126 0025
D057000916: 0384 0249 0399 0222 0169 0352 0386 0090
D039572134: 0095 0300 0224 0055 0400 0050
D0978882: 0197 0174 0354 0131 0090
D0943981: 0327 0441 0248 0137 0107 0091 0131 0018 0017
D033457130: 0401 0323 0437 0283 0090 0133 0155 0104
D074321001: 0370 0439 0087 0292 0385 0053 0415 0189 0386 0031
D0768777: 0249 0247 0172 0141 0090
D0534893: 0416 0464 0160
D0684043: 0307 0234 0378 0262 0090
D017398886: 0093 0243 0364 0194 0339 0168 0090
D0663284: 0394 0364 0200 0289 0090 0195 0299 0262
D034906453: 0442 0439 0416 0304 0130 0341 0315 0090
D040385464: 0459 0381 0238 0159 0155 0175 0145 0141
D0553520: 0429 0426 0191 0186 0090
D092355880: 0448 0269 0255 0400 0090
D003216965: 0458 0414 0345 0138 0115 0090
D027186503: 0347 0195 0115 0090
D0750829: 0351 0299 0281 0391 0090
D032581027: 0278 0277 0184 0141 0138 0120
D0768278: 0250 0175 0147 0073 0134 0032 0052 0030
D086680875: 0407 0376 0350 0217 0090
D0524239: 0464 0436 0236 0455 0090
D0734401: 0421 0202 0077 0311 0051
D084438058: 0413 0250 0215 0335 0201 0090
D083202940: 0379 0368 0363 0124 0345 0104
D078503625: 0271 0132 0130 0122 0090
D0957860: 0360 0356 0165 0321 0094
D0552539: 0458 0381 0306 0090 0261 0416 0178 0155
D0623615: 0378 0306 0171 0169 0152 0119 0090
D0555023: 0344 0250 0348 0283 0101
D064407487: 0422 0388 0350 0194 0154 0082 0050 0152 0006
D0686858: 0276 0164 0339 0090
D001812114: 0429 0403 0180 0145 0106 0458 0266 0202 0090
D051328474: 0381 0350 0169
D049314083: 0357 0034 0319 0206 0416 0299 0287
D058958865: 0406 0327 0170 0090
D021006357: 0403 0297 0367 0228 0157 0264 0089
D0570874: 0342 0219 0405 0125 0089
D044694746: 0410 0367 0364 0313 0299 0089 0274 0114 0190 0090
D041494134: 0457 0440 0299 0416 0211 0461 0089
D0939127: 0451 0271 0192 0355 0089
D0983933: 0451 0447 0296 0288 0148 0089
D090351242: 0462 0459 0188 0321 0319 0089
D012405817: 0439 0432 0424 0047 0393 0107 0056
D0518368: 0391 0330 0272 0120 0089
