D014854736: 0438 0400 0401 0342 0258 0226 0176 0217 0089
D0811112: 0465 0319 0379 0382 0352 0421 0112 0089
D064593562: 0305 0275 0094 0267 0089
D0849424: 0365 0329 0271 0245 0260 0358 0243 0217 0058
D0773516: 0222 0364 0089
D0838555: 0274 0226 0128 0080 0404 0193 0044
D0957432: 0335 0446 0444 0438 0321 0207 0390 0109 0089
D004286516: 0374 0353 0117 0089
D0989602: 0230 0116 0384 0306 0089
D0893978: 0451 0389 0358 0117 0243 0225 0287 0211 0273 0112
D074587032: 0333 0099 0089
D0554730: 0391 0329 0425 0186 0089
D0736581: 0452 0372 0245 0201 0168 0025 0064 0214 0003
D034003589: 0407 0440 0329 0245 0218 0089
D051210748: 0251 0191 0089
D0751601: 0309 0089 0291 0176 0344 0178 0110
D023581869: 0419 0420 0294 0407 0235 0151 0135 0043
D0649521: 0303 0427 0209 0207 0089
D034111796: 0418 0244 0067 0020
D0829101: 0411 0377 0307 0114 0079
D061917125: 0221 0363 0199 0181 0144 0089
D0787464: 0354 0223 0148 0351 0074
D080206637: 0424 0369 0330 0089
D028656852: 0131 0313 0104 0344 0084
D0835299: 0431 0429 0298 0076 0262 0233 0174 0098
D0710489: 0270 0217 0089
D051734510: 0410 0315 0398 0283 0236 0089 0184 0165 0150 0267 0116
D046376879: 0369 0235 0119 0201 0157 0153 0350 0433 0146 0140 0328 0103 0089
D084763815: 0445 0370 0115 0368 0131 0124 0385 0089
D0773525: 0446 0422 0412 0380 0089
D052937477: 0438 0378 0244 0175 0234 0440 0226 0400 0094
D047363915: 0400 0363 0411 0062 0095 0241 0070
D0680862: 0463 0142 0384 0381 0089
D085927520: 0370 0262 0093
D0767866: 0440 0404 0337 0388 0209 0062 0004
D019480251: 0453 0300 0168 0158 0157 0111 0166 0456 0079
D0995810: 0399 0133 0130 0409 0089
D073351504: 0205 0200 0119 0116 0114
D0757065: 0333 0305 0432 0248 0063
D048671903: 0448 0343 0341 0285 0242 0366 0089
D0780129: 0385 0316 0299 0179 0060
D094248838: 0287 0271 0198 0334 0089
D0994603: 0418 0307 0305 0461 0089 0254 0098 0265 0125
D049915440: 0134 0205 0352 0148 0136 0332 0089
D008621054: 0444 0366 0325 0452 0304 0252 0171 0185 0157 0049
D054475052: 0449 0455 0337 0239 0129 0192 0100 0325 0089
