D071290973: 0432 0256 0374 0387 0182 0351 0260 0217 0282 0088 0198 0337
D074772896: 0362 0425 0411 0306 0319 0088 0245 0393 0119
D0872397: 0425 0387 0341 0325 0188 0346 0154 0139 0132
D095124919: 0347 0323 0312 0184 0274 0343 0183 0153 0309 0088
D000768320: 0437 0355 0257 0211 0088
D0833341: 0041 0191 0026
D0738434: 0354 0327 0334 0243 0260 0319 0418 0238 0267 0350 0146 0116 0088
D028333326: 0446 0371 0348 0255 0330 0221 0171
D0770060: 0451 0272 0198 0196 0088
D050188185: 0443 0371 0274 0289 0147 0088
D0573511: 0271 0113 0050 0415 0207 0004
D055007504: 0463 0356 0348 0403 0319 0459 0088 0277 0137
D041048245: 0226 0317 0130 0058
D0874827: 0453 0399 0153 0220 0319 0131 0241 0434 0088
D008794871: 0422 0277 0115 0023 0006
D0915371: 0125 0116 0450 0219 0079
D0915326: 0337 0149 0137 0310 0088
D0923971: 0190 0424 0106 0268 0088
D0677330: 0403 0184 0333 0182 0088
D032392142: 0363 0281 0240 0131 0080
D0530231: 0459 0174 0314 0409 0407 0166 0290 0320 0304 0218 0088 0171 0150
D090735851: 0422 0338 0280 0190 0358 0117 0243 0142 0088
D033928401: 0417 0265 0248 0390 0153 0095 0068 0299 0055
D0898879: 0339 0257 0214 0437 0093 0299 0005 0076 0372 0060
D090998119: 0460 0420 0261 0135 0242 0132 0366 0216 0088
D028473268: 0325 0262 0243 0151 0039 0163 0058 0034
D044454401: 0384 0157 0295 0233 0135 0088
D0881682: 0318 0253 0243 0301 0182 0132 0089 0310 0152 0088
D017417259: 0444 0427 0397 0176 0093 0088
D084638144: 0413 0381 0371 0174 0088
D058137956: 0455 0423 0431 0354 0355 0171 0088
D012039210: 0377 0364 0186 0106 0126 0088
D085833296: 0434 0318 0189 0246 0155 0010
D047796317: 0404 0394 0176 0167 0088
D0985341: 0417 0313 0375 0272 0264 0225 0295 0102
D090348006: 0347 0428 0327 0268 0238 0135 0209 0453 0437 0126 0088
D011027188: 0343 0335 0203 0099 0090 0121 0088
D066843276: 0373 0362 0112 0237 0088
D0609206: 0376 0435 0234 0160 0024
D054711518: 0456 0418 0266 0282 0256 0088 0042
D061495319: 0219 0201 0172 0092 0088
D003116494: 0382 0381 0310 0088
D0553953: 0382 0330 0136 0088 0102 0350 0121
D0882629: 0395 0311 0179 0236 0088
