D048651332: 0445 0421 0338 0332
D0608498: 0461 0458 0445 0373 0331
D035098645: 0411 0398 0378 0330
D000321686: 0424 0347 0461 0330
D084817822: 0461 0443 0330
D0880298: 0423 0336 0329
D0536210: 0444 0376 0328
D065665329: 0464 0445 0397 0342 0327
D042330172: 0449 0413 0393 0326
D0627392: 0425 0418 0326
D0936622: 0419 0401 0346 0376 0326
D067061525: 0406 0369 0330 0393 0326
D015352873: 0459 0329 0325
D096172926: 0425 0354 0325
D041081143: 0428 0421 0367 0345 0324
D029760060: 0434 0418 0323
D055850124: 0413 0423 0323
D0555231: 0414 0367 0323
D0681389: 0462 0455 0449 0390 0322
D023017122: 0465 0444 0395 0322
D071102757: 0438 0343 0388 0326 0321
D005126842: 0443 0327 0411 0321
D0516680: 0434 0371 0321
D017661027: 0438 0321 0347 0369 0417 0366
D054172012: 0459 0394 0320
D009512139: 0338 0322 0320
D067010288: 0460 0402 0350 0349 0320
D0573228: 0446 0420 0320
D069873058: 0425 0367 0320
D069412332: 0461 0458 0319
D0865933: 0339 0333 0319
D065421369: 0457 0436 0318
D0753059: 0458 0453 0318
D068064402: 0433 0401 0361 0317
D0619527: 0440 0403 0463 0370 0317
D018996173: 0461 0416 0399 0380 0377 0316
D009225909: 0442 0392 0316
D0922516: 0445 0354 0316
D037162788: 0336 0408 0316
D020521851: 0452 0370 0316
D082920302: 0418 0417 0347 0322 0314
D086844635: 0401 0406 0381 0321 0314
D024509039: 0377 0407 0313
D086062961: 0422 0348 0448 0313
D054044722: 0455 0382 0408 0311
D0698284: 0440 0386 0311
D015418111: 0440 0346 0396 0392 0313 0311
D0730639: 0440 0341 0311
D037256333: 0391 0359 0355 0371 0343 0310
D002161822: 0343 0411 0310
D098510092: 0353 0351 0310
D022201386: 0383 0374 0365 0416 0311 0434 0309
D047978546: 0328 0444 0440 0309
D082796549: 0425 0387 0309
D0581641: 0425 0393 0308
D0501161: 0408 0337 0417 0308
D059172536: 0353 0366 0308
D029226368: 0376 0452 0352 0337 0336 0309 0307
D054553569: 0358 0394 0312 0333 0307
D014831058: 0412 0405 0431 0377 0307
D040749983: 0437 0392 0332 0436 0439 0329 0306
D0521053: 0458 0391 0306 0339 0313 0405 0381
D0588829: 0418 0317 0306
D0811735: 0413 0446 0358 0336 0305
