D060971616: 0457 0427 0428 0400 0389 0410 0348 0229 0221 0205
D085258334: 0412 0390 0311 0310 0205 0228 0327 0210 0272
D015569387: 0351 0225 0301 0205
D096282557: 0392 0389 0339 0226 0335 0321 0211 0372 0205
D0945690: 0354 0459 0251 0300 0205
D038714948: 0328 0355 0236 0262 0212 0205
D0586350: 0408 0397 0230 0406 0364 0205
D0795856: 0285 0209 0404 0306 0205
D081174775: 0327 0428 0204
D0633136: 0459 0451 0253 0278 0287 0254 0400 0305 0204
D041095751: 0239 0300 0382 0352 0346 0328 0204
D075885076: 0457 0454 0450 0453 0352 0437 0230 0353 0204
D061584808: 0448 0238 0339 0211
D0640348: 0392 0229 0365 0450 0436 0235 0204
D063826845: 0412 0417 0406 0356 0204
D056930443: 0427 0391 0364 0280 0204 0312 0233 0352
D018880458: 0466 0233 0204
D025071931: 0351 0244 0204
D008409027: 0452 0420 0409 0271 0204 0214 0206
D009541139: 0372 0236 0215 0400 0204
D016412217: 0455 0377 0394 0328 0304 0212 0204
D067536702: 0254 0355 0233 0418 0204
D054299818: 0450 0359 0317 0278 0406 0243 0343 0204
D0992768: 0429 0461 0279 0297 0204
D0545891: 0390 0372 0295 0204
D0594061: 0458 0449 0284 0204 0261 0365 0254
D026236988: 0445 0222 0418 0204
D037901950: 0204 0330 0357 0238 0384 0226
D0873016: 0346 0316 0235 0290 0327 0204
D090841026: 0249 0227 0203
D0532496: 0361 0354 0314 0355 0203
D039664341: 0250 0215 0203
D002393209: 0366 0203 0297 0383 0243 0227 0364
D063181258: 0411 0325 0302 0203
D028060130: 0260 0259 0334 0302 0203
D032655339: 0371 0282 0267 0203
D0620203: 0370 0212 0371 0263 0235 0203
D069582134: 0427 0320 0307 0252 0203
D0965646: 0428 0367 0387 0329 0203
D0585121: 0418 0393 0261 0231 0203
D0967655: 0342 0301 0203
D0818617: 0340 0355 0203
D095584829: 0392 0349 0218 0203
D0903244: 0453 0413 0395 0367 0203
D023604384: 0364 0341 0271 0294 0263 0203
D0735490: 0363 0203
D0506964: 0424 0291 0210 0209 0203
D021100789: 0401 0383 0230 0272 0248 0203
D057913452: 0371 0215 0293 0204 0231 0203
D065645994: 0401 0282 0234 0432 0315 0202
D086119252: 0370 0395 0310 0287 0277 0270 0441 0322 0257 0352 0202
