D084722508: 0315 0427 0170 0104 0087
D0500716: 0404 0367 0310 0203 0164 0355 0353 0066 0065
D073181903: 0360 0152 0118 0463 0312 0087
D071627243: 0460 0235 0087
D0859922: 0400 0377 0297 0179 0283 0257 0054 0019
D046017055: 0346 0264 0260 0373 0174 0203 0255 0086 0164 0389 0321 0116
D0556618: 0370 0367 0236 0210 0209 0403 0169 0116 0013
D026342047: 0394 0034 0038 0170 0242 0098
D0693229: 0464 0137 0105 0092 0086
D094934915: 0404 0445 0345 0179 0151 0086
D018615807: 0434 0211 0408 0153 0128 0086
D091910806: 0359 0358 0354 0096 0086
D016375888: 0465 0114 0392 0243 0086
D043243259: 0431 0434 0368 0125 0086
D0998082: 0459 0323 0458 0225 0258 0219 0098 0086
D087710441: 0282 0377 0222 0167 0022
D077469816: 0115 0145 0461 0291 0086 0069 0015
D0562367: 0374 0293 0171 0386 0261 0086
D079153584: 0261 0346 0037
D012260959: 0221 0173 0240 0158 0133 0086
D0512634: 0263 0339 0323 0317 0191 0448 0102 0150 0027
D005510399: 0440 0400 0337 0086 0325 0120
D008393098: 0415 0398 0086 0385 0236 0134 0108
D016394186: 0362 0333 0185 0309 0152 0086
D010767191: 0079 0335 0119 0051 0025
D091276285: 0462 0419 0355 0088
D017532563: 0284 0272 0144 0048 0201 0046 0271 0039
D076125089: 0426 0319 0461 0086 0166 0101
D0867908: 0463 0167 0199 0389 0422 0335 0329 0224 0200 0436 0300 0086
D051353636: 0403 0313 0054 0053 0311 0002
D031366861: 0392 0236 0181 0161 0091
D0783840: 0310 0190 0122 0109 0033
D0858021: 0382 0233 0086
D003893135: 0425 0111 0401 0122 0062
D096019559: 0361 0189 0295 0086 0166 0150
D029712953: 0383 0304 0288 0126 0103
D016531901: 0287 0267 0263 0129 0104 0086
D0564012: 0416 0353 0377 0178 0086
D074578986: 0252 0399 0221 0133 0016 0128 0373 0051 0374 0117 0011
D042379935: 0452 0435 0255 0390 0449 0181 0278 0086
D056719956: 0398 0335 0227 0192 0128 0440 0068 0038 0391 0359 0013 0193 0007
D0751666: 0433 0029 0308 0425 0209 0048 0340
D0999730: 0437 0352 0299 0169 0223 0447 0128 0101 0086
D051759544: 0248 0345 0078 0015
D065188811: 0445 0410 0106 0339 0086 0325 0218
D013147228: 0437 0387 0334 0086 0144 0107 0226
