D0764716: 0441 0363 0380 0355 0463 0295 0241 0341 0202
D086571661: 0437 0259 0257 0202
D0674197: 0428 0348 0347 0253 0422 0458 0202
D0810010: 0303 0280 0279 0210 0202
D084239761: 0439 0322 0244 0301 0278 0435 0202
D038237508: 0379 0448 0443 0246 0203
D029654239: 0338 0407 0291 0373 0202
D079358897: 0365 0228 0202
D050991334: 0401 0359 0240 0242 0210 0371 0202
D020392239: 0456 0290 0272 0225 0202
D089417058: 0462 0450 0359 0434 0342 0202
D031227841: 0442 0439 0377 0393 0376 0202
D065519493: 0456 0359 0311 0280 0334 0263 0202
D016897632: 0364 0352 0202
D029994601: 0302 0271 0454 0343 0202
D0832316: 0272 0231 0395 0360 0202
D0735000: 0275 0403 0339 0285 0202
D0908652: 0227 0390 0381 0205 0202
D0596157: 0457 0424 0350 0244 0352 0202 0269 0201
D010587607: 0396 0267 0217 0201
D0801512: 0401 0396 0315 0270 0201
D096024706: 0361 0356 0448 0201
D060481122: 0349 0280 0254 0232 0201
D0517851: 0431 0223 0201
D070758122: 0405 0252 0201
D059057628: 0431 0383 0398 0211 0201
D041651643: 0398 0390 0332 0340 0345 0201
D034990209: 0444 0247 0311 0201
D014551116: 0386 0275 0304 0201
D0926711: 0350 0347 0292 0304 0201
D029968909: 0428 0228 0233 0205 0201
D039294784: 0433 0258 0443 0201
D082116002: 0392 0337 0369 0327 0259 0201
D095398525: 0314 0274 0244 0201
D010578032: 0450 0399 0204 0201
D018256260: 0392 0334 0273 0402 0216 0269 0201
D029451678: 0376 0407 0317 0239 0201
D0590156: 0394 0346 0201
D006967628: 0422 0350 0201
D038716942: 0284 0274 0246 0200
D0957828: 0387 0307 0267 0335 0200
D062532426: 0460 0441 0200 0361 0339 0283 0287
D0960536: 0439 0309 0300 0438 0262 0232 0445 0200
D0678303: 0404 0347 0257 0214 0200
D0579008: 0455 0342 0247 0304 0200
D079438148: 0465 0458 0381 0336 0277 0236 0255 0222 0215 0200
D024178839: 0403 0402 0390 0256 0200
D008103079: 0424 0407 0353 0244 0342 0323 0204 0200
D064460222: 0411 0321 0211 0200
D029013876: 0466 0430 0306 0421 0399 0297 0200
D0883259: 0417 0413 0348 0438 0200
D006615734: 0452 0412 0386 0319 0234 0200
D058916599: 0362 0211 0200
D072015971: 0314 0275 0200
D0636026: 0449 0349 0200
