D005203543: 0411 0206 0332 0324 0295 0158
D0606255: 0370 0295 0253 0180 0168 0107 0123 0155 0178 0084
D044351182: 0416 0393 0296 0104 0259 0322 0137
D099812614: 0286 0364 0252 0124
D046739322: 0178 0160 0059 0314 0054 0434 0029
D094869279: 0260 0257 0269 0090 0195 0346 0154 0401 0085 0084
D054557222: 0381 0370 0084
D042352792: 0372 0328 0112
D062087889: 0332 0280 0420 0235 0084
D092773813: 0449 0313 0289 0424 0144 0246 0182 0382 0154 0084
D028116714: 0447 0366 0330 0427 0319 0238 0192
D094187762: 0361 0315 0203 0084
D021544422: 0346 0266 0265
D0681572: 0241 0137 0069 0182 0012
D037364694: 0052 0421 0392 0110 0232 0046 0165 0454 0355 0145 0301 0023
D012920570: 0457 0456 0391 0359 0264 0288 0180 0141 0084
D029908790: 0461 0350 0300 0130 0114 0084
D084080585: 0332 0311 0196 0084
D078211865: 0379 0425 0144 0168 0362 0288 0233 0336 0162 0099 0096 0184 0041
D067700950: 0392 0421 0134 0336 0307 0465 0270 0084
D0606010: 0280 0189 0155
D045949074: 0431 0404 0282 0262 0060 0199 0190 0145 0127 0115 0315 0225 0028
D0959519: 0378 0362 0182 0407 0199 0055 0291 0142 0040
D0953737: 0339 0459 0434 0134 0308 0133 0326 0436 0084
D0847325: 0424 0394 0208 0090 0062
D038270123: 0387 0372 0371 0300 0271 0084
D038050725: 0418 0307 0006
D068907648: 0379 0091 0147 0246 0175 0084
D020484071: 0294 0403 0223 0221 0442 0246 0144 0219 0115 0093
D0896801: 0417 0314 0433 0153 0109 0119 0071 0121 0430 0063
D0529944: 0399 0162 0157 0139 0084
D057688633: 0415 0388 0343 0275 0003 0214 0067 0030
D085173408: 0390 0397 0317 0161 0084
D099337773: 0392 0340 0289 0258 0221 0091 0236 0084
D0893353: 0205 0156 0109 0017 0002
D049270211: 0462 0453 0374 0276 0248 0084
D0549936: 0441 0400 0462 0439 0353 0158 0243 0084
D084126160: 0437 0338 0312 0286 0238 0057
D0705372: 0456 0293 0265 0216 0084
D0944611: 0394 0146 0281 0452 0360 0429 0131
D0619546: 0223 0147 0173 0026 0008 0025 0145 0040
D0592794: 0456 0445 0426 0371 0346 0246 0177 0400 0094 0084
D0500455: 0323 0311 0377 0168 0084
D0920255: 0440 0433 0125 0430 0122 0261 0084
D075368784: 0401 0287 0088 0012
