D097435846: 0435 0294 0200
D0983757: 0465 0459 0365 0208 0200
D054020832: 0421 0399 0270 0200
D065219485: 0280 0215 0414 0200
D0840742: 0430 0375 0341 0362 0217 0205 0451 0200
D088688404: 0266 0273 0211 0200
D027233153: 0412 0385 0235 0199
D056363906: 0420 0375 0370 0282 0458 0304 0418 0227 0297 0199
D075736484: 0459 0440 0370 0319 0317 0199
D032624502: 0381 0266 0199
D028249580: 0420 0346 0199
D023278455: 0437 0362 0345 0317 0223 0199
D087072877: 0347 0255 0282 0250 0199
D050938575: 0274 0204 0199
D096623602: 0380 0200 0213 0199
D062634212: 0429 0418 0199
D0806613: 0457 0365 0266 0206 0199
D0962000: 0456 0442 0413 0296 0199
D0897617: 0461 0407 0347 0204 0199
D0896496: 0408 0354 0199
D045634284: 0461 0379 0228 0219 0431 0428 0199
D050052752: 0286 0204 0199
D0710088: 0374 0348 0199
D0594241: 0350 0457 0200 0399 0199
D0634557: 0297 0204 0199
D030751958: 0349 0326 0232 0199
D003231852: 0440 0404 0317 0413 0296
D0512864: 0278 0244 0199
D022365873: 0430 0381 0268 0250 0245 0214 0199
D075086695: 0450 0417 0390 0361 0425 0294 0346 0291 0276 0198
D062192514: 0307 0241 0198
D0639622: 0344 0437 0283 0326 0260 0241 0404 0198
D055003230: 0439 0377 0390 0363 0396 0198
D045211218: 0362 0375 0198
D059715658: 0458 0384 0279 0198 0357 0331 0219
D0632649: 0451 0243 0399 0391 0198
D009084056: 0435 0439 0377 0300 0279 0343 0286 0198
D060226921: 0389 0283 0437 0265 0198
D097758228: 0296 0421 0371 0198
D073513469: 0363 0198 0324 0221 0383 0352
D075645199: 0318 0274 0266 0198
D0681801: 0373 0349 0433 0244 0362 0207 0198
D0604074: 0364 0319 0294 0270 0216 0220 0198
D066529361: 0428 0464 0278 0198 0308 0207 0388 0262
D083575518: 0437 0448 0374 0331 0198
D026926216: 0437 0200 0401 0229 0198
D023341258: 0455 0380 0223 0232 0257 0198
D0731044: 0389 0366 0248 0293 0198
D0934402: 0337 0325 0198
D096893395: 0363 0397 0269 0449 0198
D088192123: 0349 0314 0286 0269 0283 0243 0236 0337 0215 0324 0198
D0765701: 0394 0419 0198 0309 0336 0265 0252
D000217071: 0300 0279 0198
D012160532: 0444 0295 0346 0208 0198
D0966073: 0405 0257 0457 0448 0197
