D089869666: 0290 0313 0139 0219 0207 0270 0075
D017879200: 0454 0081 0240 0102 0228 0244
D068997717: 0430 0425 0423 0360 0449 0277 0309 0289 0334 0213 0081
D0650904: 0314 0307 0169 0150 0021
D036485475: 0392 0362 0424 0359 0178 0373 0081
D041663738: 0433 0428 0357 0344 0318 0417 0169 0229 0418 0081
D089413043: 0336 0284 0238 0154 0081
D086650335: 0408 0399 0350 0461 0165 0259 0093 0081
D077305756: 0427 0397 0415 0346 0284 0280 0164 0081
D036236671: 0236 0403 0169 0162 0313 0130
D0539010: 0443 0444 0423 0334 0329 0176 0253 0021
D082317508: 0311 0282 0370 0237 0348 0209 0157 0081
D009190504: 0397 0215 0140 0112 0442 0206 0069
D0607012: 0365 0340 0329 0275 0081 0271 0282 0279 0249 0130 0112
D0538980: 0297 0395 0197 0142 0133 0097 0315 0083 0081
D0524635: 0414 0387 0333 0183 0081
D026829364: 0071 0067 0368 0062
D074489121: 0256 0148 0081
D039517036: 0027 0169 0168 0330 0337 0051
D079108010: 0384 0330 0327 0304 0457 0168 0159 0076 0046 0366 0229 0037
D0875064: 0331 0435 0087 0371 0081
D0885585: 0441 0279 0270 0168 0161 0303 0087
D026930671: 0386 0178 0117 0052
D043626120: 0351 0459 0239 0378 0031
D0500014: 0434 0352 0264 0081 0271 0331 0222 0182
D0518958: 0388 0345 0283 0191 0160 0151 0138 0081
D039184207: 0305 0110 0373 0081
D0924391: 0283 0448 0245 0191 0164 0326 0160 0220 0081
D068101107: 0434 0409 0194 0179 0126 0259 0081
D0577079: 0345 0309 0154 0424 0080
D089321515: 0460 0406 0292 0194 0163 0081
D0956464: 0138 0098 0352 0297 0081
D038914508: 0466 0243 0237 0191 0172 0156 0112 0111 0426 0091 0081
D098274710: 0370 0139 0361 0123 0341 0144
D058712825: 0464 0448 0434 0441 0276 0322 0267 0231 0081
D040163628: 0122 0109 0138 0046
D0545833: 0309 0216 0190 0135 0081
D0771256: 0361 0201 0281 0217 0354 0195 0440 0081
D059102458: 0280 0317 0185 0174 0081
D017106405: 0140 0422 0358 0081
D0620005: 0311 0161 0315 0081
D058013175: 0461 0450 0295 0082 0264 0339 0167
D034673690: 0293 0291 0356 0156 0105 0093 0082 0081
D049358551: 0295 0351 0186 0444 0369 0033
D0544765: 0243 0185 0081
