D013964511: 0283 0250 0408 0208 0197
D088010649: 0262 0345 0197
D0532828: 0450 0364 0393 0216 0197
D056397581: 0376 0227 0197
D0811691: 0298 0217 0197
D046818737: 0359 0301 0253 0197
D0987633: 0394 0422 0212 0246 0197
D0818515: 0349 0341 0457 0438 0197
D094573558: 0411 0401 0364 0234 0197
D052908255: 0310 0248 0287 0214 0197
D072194386: 0358 0212 0207 0305 0197
D087704945: 0353 0350 0289 0197
D019363486: 0319 0282 0197
D023789128: 0460 0425 0350 0446 0235 0313 0197
D061710030: 0355 0209 0202 0199 0197
D099932848: 0440 0439 0430 0259 0250 0197
D044207977: 0464 0417 0409 0322 0407 0292 0266 0288 0197
D040898254: 0241 0304 0239 0197
D0847807: 0411 0402 0448 0242 0197
D0767237: 0361 0377 0335 0197 0331 0262 0224 0288
D0855369: 0441 0342 0196
D090425738: 0408 0313 0300 0310 0278 0196
D013880156: 0303 0254 0423 0196
D077340979: 0462 0230 0329 0289 0408 0196
D017675901: 0417 0215 0407 0294 0393 0196
D038413858: 0344 0277 0219 0341 0196
D0746362: 0332 0304 0222 0285 0196
D0988489: 0436 0431 0366 0296 0371 0358 0405 0196
D0968818: 0321 0290 0270 0315 0196
D0592072: 0437 0406 0379 0355 0284 0196 0280 0220
D083799631: 0429 0242 0214 0196
D027667033: 0245 0306 0224 0455 0196
D095024424: 0438 0304 0283 0196
D0507043: 0426 0307 0292 0207 0196
D087793352: 0246 0430 0196
D033901534: 0357 0351 0297 0286 0196
D084836861: 0250 0236 0222 0421 0196
D032229769: 0428 0422 0420 0414 0196 0413 0389
D0991721: 0463 0351 0323 0293 0196
D020006204: 0390 0207 0196
D040403113: 0415 0360 0196
D089356159: 0349 0313 0399 0196
D077731050: 0422 0403 0314 0288 0211 0248 0195
D0723070: 0403 0341 0329 0195 0214 0391 0248 0234 0224
D0619715: 0310 0419 0244 0195
D077292353: 0461 0456 0230 0324 0224 0195
D0766263: 0424 0268 0212 0298 0195
D049714258: 0403 0344 0195
D0766585: 0457 0313 0282 0380 0195
D081589692: 0449 0249 0363 0195
D0751822: 0328 0319 0198 0306 0195
D0788747: 0465 0305 0218 0289 0195
D0868081: 0344 0247 0242 0404 0195
D009906549: 0427 0408 0230 0441 0206 0404 0195
D098166879: 0457 0413 0427 0310 0195
D068567767: 0382 0353 0195
