D0898300: 0399 0387 0356 0325 0195
D059006558: 0465 0429 0330 0195
D052740947: 0426 0396 0195
D004344131: 0444 0368 0384 0195
D055585637: 0447 0405 0280 0279 0247 0262 0199 0195
D016409460: 0208 0435 0195
D087274530: 0245 0355 0231 0203 0195
D022931894: 0389 0261 0260 0404 0195
D042530503: 0465 0387 0320 0308 0195
D054955691: 0357 0255 0194
D085695719: 0394 0204 0194
D0690588: 0448 0343 0235 0247 0194
D0685871: 0421 0433 0194 0364 0313 0287
D0916872: 0444 0417 0355 0242 0194
D082237936: 0463 0325 0252 0232 0227 0393 0194
D060957399: 0262 0463 0319 0194
D0807983: 0340 0374 0283 0288 0228 0211 0194
D054967717: 0380 0313 0376 0216 0194
D095830674: 0365 0342 0272 0351 0194
D063100297: 0292 0229 0194 0231 0456 0203
D0690146: 0392 0354 0347 0309 0209 0258 0194
D065534403: 0439 0430 0421 0341 0194
D081359240: 0367 0215 0360 0202 0412 0329 0258 0405 0194
D0811339: 0388 0373 0355 0278 0241 0201 0197 0193
D0924379: 0392 0320 0346 0345 0284 0357 0193
D039651075: 0304 0287 0463 0269 0289 0193
D009131187: 0356 0296 0412 0271 0211 0193
D023394001: 0411 0379 0193
D0646948: 0453 0332 0193
D023517301: 0418 0446 0388 0278 0432 0193
D0826063: 0255 0366 0193
D085139220: 0367 0321 0437 0193
D087435924: 0438 0271 0376 0281 0263 0195 0459 0449 0193
D0852367: 0419 0293 0285 0226 0193
D061320680: 0430 0416 0193
D010032527: 0330 0321 0193
D022494627: 0313 0289 0421 0193 0277 0223 0213 0248
D094148084: 0420 0272 0421 0213
D095446646: 0365 0343 0431 0284 0193
D079318709: 0358 0320 0299 0271 0364 0231 0203 0193
D047837720: 0411 0304 0301 0289 0193
D087739992: 0414 0326 0267 0193
D019273310: 0283 0264 0193
D046956217: 0410 0319 0192
D0839694: 0388 0350 0336 0324 0252 0259 0220 0249 0192
D077474001: 0345 0335 0260 0290 0192 0281 0285 0251 0246 0239 0233 0334
D075513238: 0445 0312 0314 0274 0192
D064073026: 0418 0259 0245 0192
D0707537: 0464 0364 0301 0192 0197 0250 0237 0374 0288
D0894443: 0465 0412 0364 0251 0312 0374 0192
D081884971: 0458 0255 0192
D0563276: 0330 0293 0287 0275 0203 0296 0192
D067567089: 0445 0404 0367 0352 0275 0192
