D056986297: 0449 0437 0406 0322 0192
D0553309: 0361 0218 0420 0217 0192
D072558515: 0365 0299 0419 0222 0192
D001230840: 0406 0306 0300 0273 0192
D0819550: 0455 0385 0429 0218 0192
D0740674: 0406 0364 0324 0234 0192
D082015961: 0458 0334 0295 0192
D023505636: 0239 0218 0198 0364 0244 0192
D085340343: 0204 0351 0331 0192
D045138447: 0433 0425 0424 0407 0219 0289 0253 0228 0192
D044495619: 0412 0262 0192
D086918145: 0374 0263 0400 0257 0192
D0801643: 0401 0340 0443 0304 0192
D0564630: 0347 0291 0259 0256 0192
D040718811: 0411 0315 0276 0192
D0698883: 0427 0270 0242 0351 0191
D000359542: 0415 0257 0226 0329 0277 0191
D013207489: 0362 0401 0399 0353 0191
D0699178: 0404 0408 0407 0321 0283 0222 0191
D078255845: 0374 0408 0256 0220 0196 0191
D010603925: 0453 0326 0216 0322 0203 0191
D009976993: 0385 0257 0236 0217 0458 0283 0207 0302 0201 0191
D076334955: 0405 0225 0208 0191
D0869048: 0435 0404 0311 0226 0191
D034866603: 0439 0310 0284 0257 0447 0237 0228 0193 0191
D076919886: 0262 0243 0191
D083554155: 0424 0391 0356 0447 0289 0191
D0945720: 0458 0365 0269 0260 0324 0193 0394 0247 0191
D0960269: 0421 0410 0388 0228 0191
D052872013: 0412 0325 0233 0223 0191
D0550704: 0422 0378 0384 0240 0197 0410 0191
D093787253: 0423 0422 0361 0280 0285 0229 0191
D0540108: 0429 0418 0274 0255 0191
D0993987: 0439 0432 0409 0379 0191
D0925482: 0440 0411 0261 0280 0191
D0608069: 0421 0256 0232 0217 0346 0202 0191
D021731570: 0358 0381 0318 0240 0191
D028070894: 0290 0308 0193 0245 0219 0191
D0742253: 0463 0324 0435 0264 0236 0238 0191
D015899071: 0453 0440 0332 0327 0341 0279 0228 0361 0237 0421 0383 0202 0191
D048359290: 0300 0293 0191
D072642238: 0379 0372 0346 0433 0282 0364 0338 0191
D021143793: 0339 0298 0233 0191
D0840257: 0327 0372 0288 0200 0191
D0590338: 0408 0419 0367 0345 0220 0269 0339 0223 0190
D0971349: 0366 0392 0243 0194 0190
D062845762: 0379 0324 0190
D0908209: 0429 0218 0190
D0726883: 0438 0265 0190
D030078116: 0289 0266 0449 0190
D086343268: 0460 0374 0190
D0925053: 0438 0324 0190
D0840468: 0296 0288 0230 0273 0190
