D024752992: 0436 0388 0315 0190
D069754319: 0436 0377 0366 0315 0190
D032016246: 0421 0223 0417 0331 0329 0190
D0679340: 0334 0290 0317 0239 0190 0226 0352 0207 0257
D086691321: 0405 0376 0197 0195 0273 0190
D0614007: 0424 0319 0292 0200 0190
D0958685: 0337 0311 0304 0199 0190
D004725381: 0453 0328 0281 0293 0190
D088723501: 0310 0259 0219 0289 0279 0190
D0726244: 0436 0325 0456 0317 0190
D024070058: 0419 0231 0361 0358 0352 0440 0190
D0730003: 0274 0265 0264 0293 0190
D027509708: 0445 0284 0248 0342 0189
D014530890: 0345 0324 0455 0318 0279 0190 0437 0189
D0973394: 0389 0379 0329 0359 0248 0234 0262 0189
D052704826: 0313 0296 0195 0225 0189
D090035715: 0437 0189 0374 0439 0236 0357 0222
D036742967: 0454 0436 0369 0336 0189 0283 0271 0285
D0953906: 0400 0376 0342 0284 0229 0254 0189 0233 0228
D0591796: 0411 0384 0296 0373 0225
D047919860: 0316 0290 0406 0193 0189
D061732995: 0406 0319 0189
D0520082: 0376 0269 0253 0231 0189
D010974339: 0408 0328 0246 0375 0189
D066870920: 0333 0433 0189
D051531751: 0334 0208 0401 0189
D029094721: 0394 0422 0391 0206 0189
D0736007: 0413 0240 0189
D0886309: 0434 0429 0276 0304 0189 0264 0263 0197 0192
D068822606: 0455 0402 0271 0227
D016783270: 0432 0236 0402 0189
D074634163: 0422 0379 0257 0220 0190 0189
D0601525: 0438 0351 0294 0213 0250 0249 0189
D049127102: 0445 0191 0459 0449 0220 0189
D0622716: 0308 0346 0239 0343 0189
D0892594: 0313 0291 0189
D0799863: 0372 0350 0257 0206 0392 0268 0238 0194 0408 0188
D0872384: 0459 0443 0402 0356 0188
D007582004: 0425 0322 0188
D0908762: 0374 0341 0412 0241 0188
D0543700: 0330 0225 0188
D086789400: 0376 0306 0188
D0800198: 0393 0217 0331 0247 0188
D066637882: 0430 0411 0316 0301 0213 0192 0188
D014326851: 0433 0358 0192 0334 0459 0432 0228 0200 0188
D0672062: 0333 0291 0221 0420 0209 0383 0189 0446 0188
D016741638: 0427 0188 0373 0320 0328 0214
D0707922: 0460 0241 0193 0464 0188
D0550691: 0443 0337 0292 0219 0188
D0776944: 0426 0425 0409 0188 0299 0259 0218 0203
D0997076: 0455 0418 0414 0236 0188
D0702945: 0423 0324 0188
