D002702780: 0352 0318 0208 0188
D009717213: 0457 0456 0188 0287 0205 0295
D0502781: 0419 0309 0382 0207 0291 0197 0318 0188
D0954953: 0396 0353 0348 0323 0456 0429 0217 0188
D052147296: 0351 0188 0337 0287 0303 0222
D063036244: 0440 0322 0276 0268 0188 0267 0264 0249
D077469045: 0427 0387 0368 0354 0373 0215 0298 0254
D0678305: 0353 0345 0453 0218 0188
D030532106: 0443 0294 0265 0249 0188
D044804503: 0400 0339 0276 0352 0263 0228 0194 0188
D0656481: 0323 0384 0298 0246 0188
D0946728: 0448 0367 0360 0325 0312 0242 0192 0188
D0850893: 0430 0417 0364 0337 0372 0277 0271 0255
D063112061: 0446 0212 0188
D001992618: 0449 0418 0200 0188
D089299272: 0267 0252 0428 0189 0188
D041002490: 0455 0414 0413 0280 0188
D0895203: 0360 0306 0188
D043042449: 0429 0405 0345 0315 0190 0188
D004130406: 0418 0311 0188
D0909614: 0413 0354 0201 0314 0275 0287 0187
D032754247: 0249 0214 0187
D076985492: 0456 0402 0187
D027965153: 0403 0369 0346 0336 0187
D054641495: 0323 0211 0201 0187
D083094637: 0453 0199 0321 0375 0327 0187
D053798466: 0462 0345 0228 0258 0192 0187
D078700963: 0371 0299 0270 0187
D065324035: 0357 0349 0403 0206 0187
D0979906: 0382 0193 0187
D012678327: 0318 0261 0228 0222 0320 0202 0187
D0527848: 0371 0459 0438 0197 0187
D039172877: 0436 0368 0282 0187
D051301071: 0316 0270 0280 0222 0187
D004374848: 0326 0271 0205 0187
D042737513: 0456 0393 0343 0238 0187
D0663392: 0455 0331 0187
D096941775: 0223 0218 0312 0193 0187
D0783440: 0450 0387 0274 0263 0187
D0965007: 0329 0405 0362 0463 0327 0187
D017486224: 0316 0274 0455 0256 0301 0187
D073499794: 0395 0300 0187
D011819691: 0373 0321 0213 0296 0192 0240 0187
D052047374: 0273 0266 0290 0215 0187
D0737329: 0462 0303 0285 0187 0278 0443 0437
D048880381: 0348 0288 0442 0187
D052500596: 0230 0447 0190 0404 0187
D070108163: 0340 0256 0312 0187
D094929683: 0466 0328 0316 0187 0232 0260 0215
D0857866: 0449 0305 0250 0207 0187
D0792436: 0449 0341 0432 0234 0187
D047012219: 0424 0377 0294 0187
D077212993: 0459 0428 0189 0187
D082367268: 0313 0212 0241 0431 0286 0187
