D029350902: 0449 0370 0332 0220 0269 0215 0212 0187
D014501470: 0455 0191 0187
D026813639: 0456 0447 0442 0224 0433 0226 0307 0396 0207 0199 0295 0186
D073618478: 0412 0278 0233 0186
D097751847: 0365 0384 0271 0435 0415 0358 0259 0215 0186
D0674455: 0405 0344 0186
D056061574: 0257 0332 0186
D0717331: 0400 0302 0226 0287 0186
D0780868: 0406 0429 0278 0186 0295 0245 0291
D048661737: 0380 0274 0258 0344 0209 0186
D044141479: 0384 0370 0448 0336 0199 0332 0186
D057679938: 0434 0333 0186
D010423295: 0441 0369 0316 0186
D064014302: 0378 0186
D055645645: 0443 0187 0422 0395 0349 0186
D0884941: 0444 0402 0255 0186 0204 0263 0417 0403 0203
D099757571: 0462 0396 0358 0186 0327 0354 0364
D0839437: 0350 0344 0286 0254 0186
D045068683: 0368 0262 0228 0291 0186
D0982131: 0402 0362 0289 0341 0223 0386 0186
D0619501: 0369 0373 0223 0442 0246 0386 0186
D0599630: 0427 0415 0222 0205 0186
D024212328: 0454 0402 0338 0320 0185
D0884695: 0404 0388 0218 0408 0185
D094132281: 0455 0441 0424 0438 0185
D065609637: 0448 0335 0317
D063650709: 0405 0434 0339 0256 0185
D005139552: 0427 0423 0451 0185
D0541295: 0395 0342 0445 0201 0302 0270 0185
D024158671: 0447 0433 0306 0185
D096101629: 0377 0284 0188 0185
D062787420: 0426 0412 0363 0274 0288 0185
D039820679: 0442 0409 0336 0324 0185
D044443450: 0334 0226 0367 0220 0185
D043491667: 0344 0212 0451 0316 0185
D0759885: 0431 0394 0322 0253 0185
D049056402: 0404 0284 0226 0213 0185
D000164795: 0383 0404 0380 0322 0185
D002087986: 0398 0294 0451 0345 0335 0185
D0620898: 0464 0429 0407 0394 0338 0300 0264 0185
D098271405: 0414 0413 0250 0298 0187 0185
D074838820: 0417 0358 0185 0309 0244 0317
D098261789: 0236 0444 0423 0235 0365 0232 0185
D075738761: 0446 0442 0237 0389 0275 0185
D040106588: 0333 0416 0407 0432 0185 0372 0291
D074029013: 0321 0215 0402 0404 0198 0185
D043422081: 0422 0410 0401 0318 0435 0266 0185
D061567160: 0391 0196 0185
D0731442: 0388 0331 0185
D051750107: 0356 0351 0300 0217 0299 0185
D0923279: 0454 0260 0302 0252 0185
D0566065: 0436 0360 0337
