D019916149: 0461 0299 0195 0162 0313 0149 0118 0244 0085 0081 0070
D039653383: 0335 0323 0434 0307 0070 0284 0132 0089 0268
D002299402: 0380 0336 0009
D034785591: 0447 0380 0332 0191 0317 0263 0070
D076469060: 0352 0336 0407 0318 0227 0086 0011
D026753645: 0426 0328 0384 0149 0070
D0806705: 0303 0225 0177 0162 0070
D0674432: 0160 0097 0081 0215 0070
D069952692: 0445 0338 0310 0208 0181 0146 0011
D0943151: 0376 0109 0464 0095 0021
D027364697: 0372 0095 0353 0093 0077
D080396734: 0418 0135 0265 0450 0076 0287 0378 0179
D0636864: 0102 0353 0090 0034 0002
D047443044: 0248 0206 0175 0070
D0826992: 0447 0182 0116 0111 0098 0091 0110 0028 0012
D082546380: 0391 0387 0225 0194 0432 0185 0397 0379 0070
D088611334: 0271 0163 0078
D028670940: 0247 0223 0122 0055 0305 0210 0037
D036000791: 0397 0363 0070 0341 0188 0179 0230 0158 0174 0175 0157 0191 0143
D0887270: 0292 0421 0273 0428 0141 0210 0165 0103
D074297351: 0220 0174 0216 0103
D081019700: 0384 0319 0317 0036 0140 0054
D015345172: 0412 0307 0185 0388 0116 0187 0405 0109 0070
D021067686: 0369 0345 0325 0181 0136 0295 0035
D006485276: 0231 0313 0092 0072 0070
D0772740: 0381 0353 0159 0452 0070
D046257314: 0283 0428 0361 0259 0023
D0825294: 0377 0307 0242 0075 0039
D0536951: 0369 0359 0148 0352 0070 0222 0153
D073033493: 0282 0159 0252 0245 0083 0070
D065119808: 0435 0070 0331 0463 0138 0091
D0761256: 0187 0163 0395 0019 0068 0063 0008
D078073814: 0385 0281 0083 0181 0211 0264 0202 0220 0059
D089092927: 0447 0348 0218 0360 0387 0090 0086
D097855224: 0169 0275 0268 0070
D0601404: 0174 0344 0216 0103 0097
D0790633: 0457 0429 0402 0151 0354 0350 0452 0358 0126 0070
D052246302: 0421 0238 0107 0377 0329 0275 0071 0215 0152 0070
D0737176: 0242 0037 0005
D066179474: 0458 0438 0381 0422 0314 0228 0210 0148 0146 0433 0173 0349 0070
D0717739: 0412 0404 0401 0381 0070 0222 0304 0132
D0594673: 0433 0306 0257 0255 0151 0378 0225 0313 0128 0076 0070
D053598608: 0205 0021 0274 0414 0101 0068
D024348881: 0386 0264 0254 0339 0176 0070
D077253453: 0177 0164 0112 0070
