D082430429: 0344 0295 0265 0342 0184
D053667731: 0359 0284 0245 0454 0184
D052913198: 0427 0392 0194 0282 0355 0264 0184
D046626882: 0408 0239 0449 0257 0184
D0541369: 0435 0345 0249 0188 0434 0442 0184
D0738037: 0405 0384 0184
D0533007: 0388 0426 0384 0329 0327 0263 0323 0206 0184
D037875763: 0246 0310 0218 0184
D079179041: 0392 0337 0308 0184
D0747818: 0360 0264 0238 0192 0212 0256 0199 0184
D0789923: 0338 0316 0402 0190 0184
D0766257: 0419 0348 0403 0268 0225 0206 0184
D069453120: 0432 0350 0235 0378 0461 0184
D0750101: 0363 0282 0454 0199 0184
D023613294: 0431 0290 0287 0197 0184
D075664138: 0465 0408 0449 0402 0184
D061951365: 0417 0210 0188 0399 0184
D0864839: 0426 0330 0286 0202 0184
D016739598: 0460 0459 0458 0296 0209 0272 0240 0293 0184
D077324726: 0448 0198 0336 0308 0206 0184
D079512251: 0302 0266 0184
D0748290: 0439 0461 0239 0226 0184
D0701843: 0443 0303 0412 0215 0184
D0865756: 0416 0339 0270 0258 0187 0259 0184
D0877035: 0299 0240 0184
D085647220: 0424 0337 0184
D065105986: 0455 0371 0329 0460 0319 0314 0281 0184
D082430061: 0209 0361 0347 0299 0402 0220 0184 0216 0408 0330 0301 0196
D0654282: 0428 0425 0334 0224 0262 0184
D009882300: 0309 0414 0230 0196 0184
D038086823: 0412 0331 0233 0206 0184
D083253188: 0407 0254 0238 0339 0184
D072655276: 0209 0353 0184
D092290983: 0460 0449 0388 0299 0350 0195 0353 0184
D032554595: 0184 0291 0416 0267 0358 0233 0187
D054877337: 0382 0195 0183
D074928217: 0404 0391 0326 0329 0183
D002481784: 0431 0436 0408 0398 0441 0322 0464 0268 0183
D091600080: 0439 0425 0409 0382 0193 0273 0208 0183
D014145254: 0458 0393 0183 0334 0397 0242
D061151338: 0306 0297 0191 0183
D050440009: 0416 0360 0431 0208 0201 0183
D0765525: 0412 0401 0366 0185 0183
D018229387: 0368 0414 0227 0183
D055385169: 0373 0390 0356 0311 0183
D017197847: 0447 0302 0289 0366 0254 0183 0221 0375 0212
D0865971: 0459 0392 0275 0366 0267 0283 0183
D020317263: 0360 0445 0228 0359 0183
D0737934: 0434 0317 0348 0381 0280 0238 0183
D051274221: 0430 0377 0375 0349 0239 0183 0331 0234 0198
