D007794261: 0445 0433 0417 0305
D091170101: 0379 0363 0345 0305
D0570652: 0452 0400 0353 0339 0305
D0909497: 0439 0382 0461 0337 0305
D0979464: 0396 0424 0319 0310 0304
D050269358: 0377 0355 0304
D0800546: 0377 0333 0345 0330 0304
D054441552: 0385 0377 0304
D009700420: 0390 0382 0336 0303 0377 0333
D045401305: 0397 0351 0303
D0989248: 0345 0394 0347 0336 0303
D0734338: 0458 0397 0303
D0864587: 0397 0345 0301
D039190475: 0399 0396 0303 0301
D086407137: 0455 0306 0301
D0578138: 0421 0373 0301
D003339244: 0432 0379 0447 0314 0335 0311 0300
D076432620: 0400 0353 0310 0394 0300
D036686841: 0424 0317 0364 0300
D0913719: 0422 0390 0381 0328 0307 0362 0300
D012278176: 0455 0332 0305 0380 0300
D022964311: 0309 0406 0306 0330 0299
D041382752: 0354 0324 0333 0319 0337 0299
D030613768: 0453 0306 0299
D0673588: 0382 0365 0299
D098845958: 0404 0384 0364 0460 0397 0299
D026542768: 0464 0299 0450 0441 0359 0459 0336
D0696806: 0377 0370 0299
D0778971: 0401 0443 0299
D090157738: 0393 0414 0299
D0864979: 0367 0335 0355 0298
D0663193: 0421 0418 0383 0310 0298
D018451368: 0416 0408 0372 0349 0327 0297
D057761046: 0456 0324 0367 0297
D0621011: 0451 0406 0388 0357 0297
D089950944: 0436 0296 0399 0398 0323 0359
D091685162: 0459 0408 0339 0319 0295
D0972361: 0421 0415 0399 0339 0295
D064567853: 0375 0341 0333 0295
D0843288: 0432 0408 0449 0382 0295
D0991092: 0435 0324 0295
D0962729: 0445 0413 0304 0398 0384 0311 0295
D080998907: 0461 0451 0322 0295
D0616938: 0368 0340 0325 0351 0295
D049085709: 0420 0354 0295
D003365298: 0442 0401 0294 0410 0310 0312
D023132290: 0447 0377 0420 0298 0294
D084757395: 0446 0302 0445 0418 0303 0294
D038462894: 0440 0410 0299 0363 0294
D076882616: 0436 0305 0293
D0534535: 0460 0411 0293
D025090925: 0461 0307 0292
D040629605: 0436 0416 0292
D069816635: 0465 0376 0292
D024435987: 0340 0443 0332 0291
D0534539: 0389 0339 0329 0459 0291
D067752379: 0305 0431 0392 0338 0442 0291
D0894370: 0357 0316 0291
D0729300: 0376 0406 0300 0291
D0578375: 0431 0403 0343 0332 0344 0321 0289
D073324584: 0360 0439 0289
