D0825041: 0439 0394 0361 0345 0338 0183 0258 0250 0266
D070714739: 0230 0410 0216 0183
D063512670: 0456 0190 0280 0183
D0560865: 0415 0371 0348 0214 0203
D0801515: 0405 0423 0293 0210 0183
D039964113: 0361 0261 0252 0183
D099906337: 0318 0183 0234 0332 0206 0204
D049856798: 0418 0281 0183
D088666532: 0376 0384 0353 0308 0347 0292 0333 0280 0183
D007424649: 0459 0449 0312 0256 0237 0201 0183
D032773903: 0455 0302 0256 0277 0183
D043238705: 0339 0336 0268 0254 0183
D059290155: 0413 0183 0334 0299 0227 0463 0186
D0708843: 0324 0301 0282 0426 0183
D069879135: 0246 0421 0198 0182
D0559536: 0366 0430 0343 0206 0182
D0739955: 0451 0217 0352 0196 0182
D0782561: 0240 0329 0249 0194 0182
D064403175: 0414 0311 0432 0203 0182
D019949390: 0448 0445 0381 0368 0182
D058242346: 0412 0317 0333 0182
D0629344: 0341 0297 0426 0419 0182
D019117041: 0407 0364 0289 0386 0182
D086123945: 0427 0402 0347 0303 0354 0251 0241 0233 0342 0280 0182
D053447395: 0406 0233 0185 0372 0197 0182
D023437906: 0443 0440 0380 0325 0182
D054199804: 0448 0440 0240 0182
D017657808: 0381 0454 0395 0213 0182
D0760179: 0352 0281 0230 0197 0182
D082667658: 0462 0457 0410 0295 0280 0182
D0928167: 0447 0353 0206 0331 0182
D043920907: 0453 0379 0422 0182 0390 0345
D029821471: 0313 0243 0182
D0561733: 0437 0246 0182
D053806772: 0389 0352 0253 0329 0394 0182
D035825944: 0457 0430 0324 0309 0369 0182
D0621167: 0436 0317 0310 0352 0189 0263 0259 0182
D031799300: 0360 0263 0182
D0882678: 0431 0351 0272 0239 0213 0280 0182
D0963799: 0440 0427 0408 0347 0235 0216 0277 0182
D0710973: 0405 0281 0353 0196 0182
D079091275: 0449 0417 0182 0381 0248 0431
D050679638: 0223 0460 0185 0333 0182
D045190667: 0367 0229 0296 0182
D045173677: 0389 0380 0336 0348 0182
D077865854: 0447 0182 0279 0226 0398 0223
D084582218: 0390 0259 0182
D088045191: 0429 0400 0310 0221 0188 0459 0181
D028109860: 0334 0260 0403 0238 0366 0181
D035129479: 0384 0242 0237 0209 0183 0393 0381 0182 0181
D005558780: 0332 0227 0222 0181
D0653767: 0330 0430 0395 0184 0181
D061964198: 0440 0400 0281 0181
