D048524605: 0329 0395 0375 0315 0181
D091144270: 0425 0216 0240 0190 0189 0181
D0881021: 0456 0358 0270 0258 0244 0181
D066881322: 0278 0355 0181
D0931982: 0391 0465 0369 0365 0181
D0819730: 0338 0287 0283 0263 0233 0243 0272 0239 0220 0181
D093975179: 0196 0258 0321 0188 0185 0181
D092784963: 0401 0249 0251 0186 0235 0181
D079499842: 0410 0220 0442 0181
D0882648: 0297 0282 0230 0300 0181
D0578272: 0451 0450 0368 0212 0181
D079112932: 0398 0359 0249 0194 0181
D0662268: 0453 0367 0199 0356 0181
D0700517: 0266 0207 0181
D0626875: 0383 0345 0279 0196 0181
D077072337: 0448 0438 0437 0181
D076189531: 0382 0310 0304 0181
D0874006: 0321 0311 0303 0222 0441 0184 0300 0203 0181
D021255755: 0283 0247 0394 0181
D0509496: 0353 0314 0362 0264 0181
D037413217: 0378 0341 0439 0181
D001066180: 0463 0397 0396 0332 0391 0349 0255 0181
D0581994: 0375 0297 0426 0296 0181
D0513008: 0465 0443 0416 0326 0181
D0631460: 0419 0326 0335 0232 0181
D0577877: 0375 0359 0348 0306
D024752008: 0444 0451 0242 0194 0181
D036327126: 0420 0399 0331 0307 0247 0285 0229 0206
D012794133: 0318 0291 0279 0230 0185 0180
D043768264: 0385 0245 0204 0180
D041642375: 0289 0241 0434 0307 0205 0327 0195 0187 0180
D038721397: 0409 0427 0250 0210 0180
D095444697: 0455 0446 0381 0180 0213 0296 0354 0193
D057800073: 0223 0195 0451 0180
D0782641: 0435 0433 0452 0209 0180
D0833973: 0427 0271 0229 0299 0180
D036901135: 0461 0202 0243 0382 0285 0180
D0796529: 0456 0451 0283 0434 0184 0337 0180
D053065322: 0425 0411 0389 0255 0325 0233 0180
D059203759: 0396 0367 0374 0180
D090617706: 0463 0437 0378 0352 0276 0359 0277 0180
D090922725: 0423 0386 0283 0263 0180
D059917281: 0260 0331 0296 0258 0180
D032051162: 0447 0348 0180
D0509832: 0448 0420 0327 0401 0364 0285 0243 0215 0180
D026531632: 0431 0288 0180
D011427643: 0365 0312 0256 0241 0328 0279 0180
D021514562: 0449 0359 0320 0180
D080224693: 0270 0232 0180
D026797229: 0413 0247 0195 0193 0180
D0981601: 0425 0413 0341 0437 0243 0220 0327 0193 0180
D063636079: 0351 0244 0199 0180
D0650024: 0398 0387 0458 0425 0180
