D022577207: 0439 0405 0244 0165 0066
D0635395: 0387 0371 0217 0276 0051
D077220851: 0431 0255 0428 0093 0066
D0960958: 0417 0225 0152 0196 0367 0273 0083 0073 0066
D076460500: 0437 0410 0375 0369 0363 0066 0190 0335 0163
D039163608: 0398 0327 0325 0182 0223 0064
D0752414: 0326 0294 0178 0448 0066
D043885725: 0404 0294 0150 0351 0312 0003 0094 0173 0122
D064327723: 0462 0412 0143 0140 0066
D0970831: 0389 0247 0197 0176 0173
D054735798: 0398 0301 0286 0245 0236 0223 0180 0234 0005
D003146637: 0383 0224 0195 0120 0041 0058 0021
D0955800: 0195 0301 0282 0152 0382 0072 0066
D016339804: 0205 0159 0045 0397 0027
D014238758: 0203 0138 0098 0089 0041 0011
D042362272: 0263 0091 0071 0063 0039
D038182266: 0445 0344 0326 0411 0349 0095 0172 0098 0091 0066
D0701418: 0423 0313 0126 0300 0044
D029910199: 0457 0423 0344 0177 0168 0099 0066
D034146323: 0376 0343 0261 0193 0313 0066
D017867757: 0324 0454 0270 0202 0104 0418 0066
D0997791: 0320 0406 0112 0067 0066
D0779435: 0122 0090 0080 0078 0066
D091647504: 0405 0371 0159 0188 0420 0095
D014926556: 0338 0224 0308 0233 0204 0066
D0828575: 0322 0314 0431 0312 0277 0066 0174 0129 0072
D065332900: 0443 0307 0308 0300 0187 0169
D085577398: 0423 0379 0272 0316 0013 0254 0017
D0603747: 0280 0193 0422 0079 0150 0104 0066
D090969508: 0331 0258 0218 0162 0159 0163 0066
D068399016: 0415 0414 0386 0376 0298 0217 0290 0396 0264 0159 0135 0230 0107
D0809648: 0446 0292 0277 0021 0274 0144 0269 0310 0221
D033655529: 0430 0291 0251 0072 0313 0289 0004
D011542919: 0321 0278 0245 0150 0062
D030488120: 0421 0417 0352 0298 0375 0281 0237 0284 0175 0210 0066
D021560507: 0364 0353 0434 0331 0195 0245 0263 0208 0180 0421 0218 0309 0134
D003649053: 0441 0414 0279 0097 0083
D079273046: 0386 0232 0449 0131 0006
D001171464: 0452 0311 0260 0269 0246 0201 0412 0380 0066
D0810835: 0415 0397 0351 0375 0300 0276 0158
D0532098: 0019 0269 0423 0402 0141 0340 0288 0457 0168 0275 0081 0284
D0988267: 0292 0314 0219 0116 0066
D012361687: 0310 0040 0269 0021
D081522439: 0455 0426 0106 0101
