D083593413: 0444 0409 0404 0267 0180
D085355989: 0359 0331 0316 0324 0235 0202
D065674475: 0434 0301 0179
D015424013: 0421 0271 0459 0337 0179
D054544529: 0448 0292 0179 0233 0266 0394
D0670172: 0379 0407 0179
D0763944: 0460 0384 0337 0373 0273 0205 0179
D064598369: 0445 0412 0298 0282 0351 0220 0253 0326 0197 0179
D013050122: 0448 0465 0348 0222 0438 0267 0203 0179
D0995326: 0418 0411 0254 0322 0265 0464 0253 0179
D0960745: 0390 0365 0363 0422 0297 0273 0179 0304 0186
D0949066: 0412 0322 0179
D0894851: 0366 0327 0436 0245 0179
D013663100: 0252 0179 0283 0395 0192 0332
D056751437: 0447 0314 0292 0193 0442 0291 0179
D0923880: 0420 0300 0290 0458 0179
D0697329: 0461 0420 0401 0296 0265 0237 0406 0179
D0679818: 0444 0298 0349 0278 0397 0437 0179
D006893187: 0440 0366 0190 0460 0179
D003727485: 0406 0436 0314 0299 0179
D097807100: 0334 0219 0242 0179
D041952207: 0401 0302 0266 0212 0214 0393 0342 0182 0331 0197 0288 0179
D0929164: 0412 0331 0179
D079960649: 0381 0356 0339 0228 0346 0179
D002341330: 0179 0320 0274 0252 0432 0181
D0550907: 0382 0309 0272 0219 0179
D040076850: 0323 0282 0191 0457 0179
D004800422: 0366 0355 0226 0179
D0942424: 0427 0397 0390 0357 0336 0430 0248 0209 0179
D030593367: 0446 0433 0428 0192 0179
D085832947: 0393 0265 0284 0300 0332 0179
D044751494: 0286 0227 0179
D050348602: 0394 0381 0278 0245 0179
D004277811: 0454 0222 0179
D097114123: 0401 0412 0275 0417 0238 0179
D084828071: 0296 0260 0304 0179 0189 0187
D055427807: 0452 0228 0359 0280 0178
D0511832: 0439 0388 0178
D0931343: 0442 0424 0365 0281 0227 0218 0194 0292 0178
D033218670: 0456 0354 0327 0282 0244 0178
D022753151: 0246 0307 0178
D058393512: 0437 0425 0308 0178 0299 0276 0284
D003098974: 0440 0294 0239 0221 0274 0178
D016846340: 0218 0196 0191 0330 0180
D0989133: 0427 0366 0373 0178 0344 0412 0240 0357 0351
D0857305: 0399 0251 0178
D007567810: 0437 0251 0426 0178
D083665851: 0379 0217 0205 0332 0201 0178
D073048329: 0466 0445 0386 0351 0456 0253 0265 0235 0188 0178
D089234495: 0236 0419 0178
