D058021347: 0350 0292 0244 0351 0151 0065
D046172167: 0286 0157 0113 0451 0068 0065
D0595468: 0210 0195 0185 0163 0301 0231 0107 0108 0103
D067381036: 0443 0438 0301 0278 0172 0192 0080 0128 0065
D0529218: 0390 0218 0209 0416 0065
D0996292: 0432 0116 0098
D024701099: 0407 0250 0066 0147 0127 0092 0153 0026
D009177208: 0248 0014 0008
D0894686: 0365 0433 0364 0280 0224 0409 0317 0132 0065
D073963684: 0414 0397 0239 0342 0351 0153 0396 0266 0225 0065 0154 0090
D005475513: 0448 0203 0106 0065
D0650046: 0345 0294 0117 0020 0096 0391 0274 0254 0210
D028828310: 0458 0352 0244 0234 0170 0083 0065
D039941213: 0396 0065 0370 0391 0368 0211
D046666871: 0349 0261 0269 0234 0413 0085 0063
D086623544: 0457 0433 0358 0346 0330 0287 0465 0095 0270 0088 0065
D0654245: 0462 0386 0347 0224 0065
D029051311: 0438 0361 0303 0379 0253 0232 0252 0217
D0925848: 0318 0306 0077 0056 0002
D001291575: 0388 0381 0281 0245 0163 0240 0378 0148 0089
D087017410: 0247 0089 0164 0218 0126 0065
D017113748: 0239 0034 0262 0003
D0738447: 0246 0346 0140 0097 0364 0177 0065
D030597433: 0383 0364 0280 0152 0105 0065
D0781232: 0141 0420 0073 0206 0065
D004633495: 0427 0449 0421 0306 0210 0026
D007325533: 0461 0359 0174 0431 0312 0187 0120 0065
D066213987: 0463 0401 0182 0445 0068 0065
D076986093: 0331 0305 0236 0219 0464 0170 0101 0146 0140 0229 0164
D088492612: 0395 0406 0380 0085 0371 0309 0119 0354 0141 0192 0108 0302 0065
D039198716: 0337 0260 0336 0414 0127 0065
D055158626: 0449 0441 0305 0270 0258 0346 0114 0099 0030
D0772339: 0453 0187 0138 0116 0065
D0825564: 0300 0228 0424 0106
D0956994: 0321 0309 0350 0080 0272 0140 0173 0135
D0973242: 0452 0252 0089 0100 0028
D0740071: 0388 0132 0066 0418 0064
D030042704: 0385 0291 0433 0285 0133 0115 0378 0114 0082 0302 0065
D0948464: 0407 0392 0253 0232 0200 0136 0081 0062
D0771658: 0243 0191 0185 0212 0237 0167 0079 0313 0105 0098 0161 0065
D026190921: 0254 0208 0367 0339 0065
D0686875: 0405 0365 0404 0245 0447 0065 0149 0349 0076
D085001169: 0254 0329 0219 0141 0065
D022182340: 0362 0317 0242
