D0527543: 0301 0153 0464 0106 0102
D0612361: 0450 0437 0285 0364 0330 0088 0065
D077199362: 0443 0363 0272 0224 0210 0174 0010
D0662742: 0404 0398 0333 0420 0376 0241 0226 0332 0180 0065
D023305625: 0325 0299 0400 0065
D090728075: 0281 0267 0199 0336 0118 0182 0443 0117 0108 0018
D093078177: 0465 0424 0314 0074 0245 0188 0316 0242 0072
D094830170: 0356 0173 0306 0302 0125 0437 0114
D084392930: 0427 0116 0083 0028 0304 0386 0050 0225 0082 0036 0149 0033
D061661615: 0241 0121 0085 0177 0065
D0927392: 0368 0279 0157 0113 0021
D0668429: 0355 0249 0135 0269 0046
D0874428: 0364 0277 0242 0071 0256 0211 0135 0065
D015888167: 0397 0357 0013 0245 0213 0148 0157 0154 0066 0203 0067 0044 0008
D0956609: 0364 0357 0151 0339 0015
D0559756: 0419 0266 0236 0215 0065
D068247454: 0462 0198 0065
D0715054: 0466 0411 0337 0195 0286 0461 0229 0248
D0579128: 0356 0309 0133 0415 0065
D051545543: 0401 0365 0347 0007 0273 0268 0261 0271
D062668422: 0328 0295 0260 0203 0306 0167 0083
D023120280: 0386 0213 0310 0065 0219 0069
D0888947: 0267 0141 0065
D0893275: 0416 0244 0182 0148 0331 0070 0365 0206 0065
D075120740: 0397 0108 0454 0360 0064
D030070301: 0378 0065 0314 0303 0367 0213
D089245781: 0368 0165 0139 0233 0005
D064330044: 0371 0318 0377 0240 0164 0133 0195 0127 0065
D0906879: 0367 0354 0255 0151 0091
D064218601: 0327 0137 0102 0065
D084862457: 0133 0130 0064
D062753784: 0426 0416 0312 0291 0194 0343 0024
D0823458: 0228 0100 0172 0118 0092
D033105291: 0437 0355 0455 0347 0247 0312 0172 0399 0234 0156 0064
D080704157: 0338 0064 0131 0278 0194 0198
D097104872: 0324 0308 0240 0189 0180 0152 0184 0089 0078 0064
D052391262: 0344 0176 0136 0079
D087022650: 0439 0452 0215 0421 0064
D059329312: 0463 0339 0317 0310
D077636461: 0405 0390 0315 0314 0310 0423 0292 0264 0204 0427 0064
D0575188: 0278 0238 0111 0177 0064
D006369743: 0323 0298 0247 0175 0122 0140 0273 0102 0064
D0653544: 0414 0156 0129 0070 0177 0253 0064
D070408683: 0393 0384 0154 0092 0204 0403 0064
D009910959: 0336 0183 0363 0211 0167 0403 0064
