D0628705: 0320 0297 0293 0285 0265 0274 0436 0178
D015931078: 0385 0360 0225 0441 0178
D041869079: 0384 0318 0241 0196 0178
D0999982: 0253 0274 0238 0178
D092506633: 0443 0294 0231 0216 0309 0245 0178
D097580676: 0426 0359 0261 0214 0357 0183 0388 0178
D052479427: 0310 0213 0413 0178
D0559415: 0403 0326 0409 0217 0178
D072896853: 0339 0293 0178 0262 0390 0244 0183
D0645786: 0427 0288 0217 0212 0178
D007253119: 0390 0262 0462 0178
D041919989: 0444 0393 0218 0329 0178
D066763352: 0439 0395 0340 0325 0315 0368 0351 0261 0210 0178
D054278776: 0413 0282 0250 0254 0210 0408 0178
D0685333: 0425 0372 0362 0228 0178
D0836464: 0422 0310 0253 0222 0178
D023559295: 0449 0338 0242 0458 0179 0178
D0657481: 0430 0350 0298 0433 0279 0271 0261 0415 0243
D044977320: 0437 0320 0250 0331 0303 0178
D011849667: 0457 0345 0310 0218 0178
D021960321: 0417 0186 0387 0319 0178
D0988251: 0406 0330 0256 0391 0177
D0663859: 0312 0447 0360 0177
D004780175: 0386 0363 0414 0323 0212 0270 0247 0384 0242 0189
D0540619: 0403 0325 0178 0298 0241 0273 0177
D043931491: 0380 0361 0291 0177 0280 0264 0261
D004506461: 0372 0455 0177
D063861662: 0440 0388 0276 0234 0191 0319 0253 0185 0177
D047823990: 0445 0421 0177 0405 0422 0278 0246 0206
D057148861: 0350 0319 0280 0274 0177
D0984969: 0385 0363 0267 0293 0177
D004268857: 0300 0447 0196 0177
D029196203: 0348 0330 0376 0321 0177
D006241612: 0339 0317 0307 0292 0291 0219 0189 0177
D095235745: 0386 0306 0378 0264 0216 0177
D030722439: 0444 0463 0305 0214 0277 0192 0177
D038474422: 0431 0311 0462 0303 0391 0229 0246 0219 0183 0177
D033662336: 0461 0460 0299 0237 0289 0255 0177
D063079234: 0449 0409 0405 0177 0364 0327 0312 0354
D0723157: 0346 0327 0177
D0789556: 0350 0308 0279 0266 0177
D011455912: 0353 0316 0339 0191 0177 0182 0180 0417 0223
D0780388: 0278 0270 0261 0290 0256 0405 0177
D0802831: 0422 0399 0188 0344 0233 0360 0177
D048603218: 0334 0327 0195 0305 0275 0383 0207 0394 0177
D0655964: 0435 0199 0388 0454 0176 0317 0285
D038580185: 0427 0357 0313 0227 0229 0176
