D008046680: 0452 0331 0311 0176 0300 0252
D041478431: 0426 0332 0251 0342 0411 0212 0176
D003351734: 0417 0396 0382 0289 0340 0291 0180 0176
D0668654: 0244 0216 0447 0354 0176
D095752631: 0383 0208 0403 0368 0176
D049457698: 0390 0383 0462 0355 0276 0339 0176
D018641400: 0448 0366 0273 0177 0176
D004617686: 0290 0176 0375 0343 0391 0229
D062905787: 0307 0297 0176
D038336843: 0438 0282 0245 0225 0176
D057234922: 0419 0233 0430 0176
D026395364: 0460 0458 0368 0455 0290 0289 0394 0231 0250 0216 0176
D0693526: 0268 0241 0291 0201 0176
D045088582: 0413 0186 0176
D0544422: 0386 0176 0270 0459 0421 0193 0177
D085989924: 0406 0226 0434 0176
D061421547: 0460 0436 0415 0353 0212 0176
D0725362: 0354 0280 0255 0308 0245 0268 0243 0176
D0647897: 0460 0459 0400 0393 0355 0176 0306 0292 0178
D0684400: 0276 0227 0221 0218 0337 0262 0176
D073944447: 0336 0176
D077466891: 0460 0388 0326 0176 0375 0191 0179
D028574491: 0405 0176 0350 0181 0391 0199
D011078296: 0377 0242 0399 0176
D030968530: 0369 0346 0345 0460 0232 0368 0176
D0744383: 0330 0180 0176
D016259256: 0327 0370 0178 0176
D072774083: 0339 0325 0315 0314 0237 0200 0180
D050162383: 0328 0371 0342 0176
D059615729: 0264 0177 0176
D0860606: 0385 0455 0361 0358 0175
D011679448: 0447 0366 0280 0175
D0551316: 0405 0329 0288 0292 0175
D0872821: 0319 0425 0300 0273 0424 0229 0221 0175
D027531976: 0337 0287 0253 0268 0175
D036007653: 0431 0424 0402 0302 0298 0218 0175
D0690550: 0361 0265 0207 0320 0175
D0902752: 0451 0387 0234 0198 0175
D068207274: 0400 0379 0359 0375 0272 0230 0255 0328 0175
D083553509: 0445 0433 0403 0358 0355 0175
D0649523: 0383 0347 0175 0296 0200 0217 0193
D023105584: 0296 0349 0175
D016589384: 0447 0324 0393 0175
D0755161: 0454 0411 0403 0304 0277 0359 0229 0226 0175
D022892645: 0367 0460 0230 0175
D027306512: 0324 0301 0326 0175
D0704274: 0178 0267 0190 0402 0391 0359 0175
D0741622: 0291 0431 0244 0321 0175
D0778014: 0433 0426 0371 0281 0339 0212 0199 0175
D076469794: 0423 0313 0233 0187 0209 0175
D073468950: 0424 0423 0351 0238 0278 0175
