D096730508: 0418 0388 0175
D0928479: 0380 0424 0274 0239 0175
D041178607: 0347 0398 0293 0182 0175
D041557167: 0362 0235 0177 0175
D012456673: 0433 0373 0184 0325 0305 0278 0175
D034111819: 0453 0419 0220 0349 0241 0175
D091739414: 0284 0215 0299 0179 0174
D098647583: 0425 0268 0319 0188 0175 0174
D0608559: 0397 0346 0298 0199 0176
D090996733: 0455 0378 0286 0174
D0691502: 0416 0350 0273 0249 0219 0174
D017443197: 0403 0323 0314 0302 0251 0174
D020022938: 0453 0393 0456 0451 0174
D0620860: 0285 0261 0260 0241 0174
D0926302: 0422 0417 0395 0189 0408 0407 0174
D005148189: 0396 0281 0333 0178 0180 0174
D063858877: 0283 0252 0174
D098233236: 0462 0174 0440 0428 0396 0308
D027103586: 0367 0438 0174
D060296511: 0373 0176 0306 0247 0189 0174
D091399908: 0444 0385 0447 0285 0174
D0930535: 0361 0323 0309 0174 0355 0234
D0606036: 0446 0382 0336 0261 0174
D0812946: 0362 0462 0258 0198 0174
D093359795: 0389 0273 0252 0174
D081125661: 0425 0370 0244 0301 0444 0369 0215 0174
D088411521: 0385 0447 0354 0345 0208
D0692597: 0349 0297 0224 0426 0316 0174
D068523244: 0344 0317 0295 0280 0293 0184 0174
D067459063: 0387 0174 0242 0355 0275 0175
D0702335: 0325 0297 0206 0197 0174
D018124620: 0357 0389 0282 0235 0203
D0720607: 0413 0354 0295 0440 0174 0335 0179
D062772631: 0174 0412 0422 0396 0425 0176
D066779018: 0174 0377 0337 0347 0463 0286
D0527080: 0454 0389 0393 0342 0265 0248 0174
D035571483: 0400 0280 0255 0174
D0547555: 0350 0307 0174
D030112346: 0419 0378 0286 0174
D049672732: 0198 0186 0174
D037022792: 0348 0420 0347 0243 0174
D057616537: 0400 0296 0291 0252 0174 0289 0189 0237 0267 0465 0424 0215 0320
D038840647: 0174 0427 0332 0334 0310 0451 0199 0370 0302 0272 0243 0429 0426
D0945889: 0434 0359 0304 0292 0203 0212 0174 0190 0177
D096917244: 0379 0423 0360 0257 0174
D023334786: 0402 0263 0185 0174
D0679344: 0419 0372 0293 0231 0282 0274 0174
D055592949: 0458 0340 0333 0247 0409 0241 0174
D010606254: 0382 0202 0279 0400 0214 0185 0174
D075252601: 0438 0410 0376 0251 0219 0173
D005090013: 0384 0284 0260 0372 0254 0173
