D019684437: 0263 0434 0173
D000884884: 0449 0277 0271 0406 0233 0187 0173
D004931409: 0456 0267 0349 0241 0395 0173
D0572209: 0397 0263 0398 0199 0173
D051844547: 0464 0458 0276 0224 0293 0259 0173
D073795971: 0411 0404 0303 0199 0173
D003889893: 0351 0267 0361 0358 0173
D088910345: 0369 0302 0272 0173 0247 0208
D093981804: 0330 0188 0399 0229 0173
D0722109: 0338 0332 0354 0351 0456 0238 0173
D084724328: 0328 0368 0189 0173
D0844683: 0328 0274 0363 0252 0173
D0758469: 0459 0255 0367 0341 0173
D032309614: 0310 0283 0371 0173
D008529510: 0442 0345 0371 0173
D053805980: 0436 0210 0356 0193 0206 0173
D0776552: 0437 0462 0329 0173 0282 0400 0286
D065276754: 0357 0431 0312 0300 0173 0249 0246 0229
D0533175: 0426 0386 0201 0193 0173
D0748591: 0462 0406 0332 0317 0277 0315 0285 0177 0173
D055751872: 0408 0318 0283 0209 0203 0213 0173
D052171628: 0304 0242 0179 0189 0173
D0897412: 0287 0369 0191 0433 0173
D068002725: 0451 0385 0365 0457 0181 0351 0346 0226 0191 0315 0198 0173
D0599173: 0312 0414 0174 0395 0173
D0665717: 0394 0248 0173
D0572549: 0445 0258 0182 0423 0173
D0669287: 0412 0340 0292 0173 0280 0203 0185
D0786802: 0458 0189 0383 0210 0203 0173
D0863119: 0313 0430 0173
D095599922: 0442 0173 0177 0381 0356 0271
D0814758: 0451 0381 0207 0416 0173
D030784116: 0432 0379 0454 0213 0173
D013049225: 0287 0452 0275 0265 0173
D004588276: 0375 0362 0234 0372 0246 0172
D041643778: 0450 0422 0412 0385 0179 0362 0173 0172
D017222204: 0352 0439 0236 0216 0284 0191 0172
D081570737: 0377 0444 0388 0270 0214 0172
D034016749: 0431 0405 0253 0172
D0977949: 0445 0386 0172 0351 0226 0346 0299
D0907697: 0405 0310 0237 0188 0172
D0507125: 0284 0235 0196 0346 0172
D0980310: 0226 0269 0172
D038800139: 0384 0380 0291 0280 0228 0198 0251 0214 0172
D058100806: 0344 0240 0461 0340 0293 0225 0172
D074112166: 0465 0314 0217 0205 0172
D039270047: 0432 0300 0457 0276 0172
D045878848: 0410 0340 0192 0172
D011712619: 0402 0408 0172
D061110410: 0451 0373 0357 0342 0264 0172 0295 0192
D0637140: 0216 0385 0414 0300 0449 0205 0386 0172
