D098483532: 0388 0253 0172
D002907345: 0454 0451 0310 0343 0394 0196 0246 0172
D009355453: 0262 0204 0175 0457 0172
D0635890: 0370 0234 0374 0233 0225 0456 0232 0428 0172
D063875010: 0384 0292 0212 0172
D0509487: 0429 0176 0210 0172
D019721484: 0445 0224 0299 0172
D033461373: 0326 0277 0207 0172
D045814198: 0371 0286 0172
D024814416: 0355 0347 0345 0277 0308 0420 0241 0238 0172
D088387574: 0360 0256 0192 0335 0332 0172
D082876609: 0358 0284 0178 0172
D094900262: 0438 0292 0423 0294 0194 0172
D0705655: 0356 0318 0428 0172 0261 0277 0249 0194
D0618524: 0444 0244 0213 0172
D0692363: 0465 0415 0336 0316 0313 0333 0252 0244 0285 0206 0172
D074490202: 0448 0406 0285 0317 0291 0444 0287 0387 0172
D035153191: 0236 0402 0382 0190 0172
D092807587: 0455 0211 0190 0188 0172
D0520651: 0180 0417 0334 0235 0171
D0547650: 0365 0428 0360 0245 0171
D0860403: 0360 0331 0313 0394 0280 0251 0286 0418 0190 0171
D0755163: 0383 0314 0313 0334 0171
D0565710: 0346 0241 0327 0272 0171
D0568012: 0374 0317 0311 0242 0171
D030846388: 0465 0323 0254 0171
D036202928: 0283 0222 0325 0171
D066927822: 0450 0425 0406 0341 0296 0463 0295 0355 0275 0223 0171
D0800036: 0405 0204 0368 0211 0380 0171
D048097673: 0355 0349 0266 0446 0298 0187 0171
D022356741: 0438 0354 0171
D0896765: 0455 0459 0408 0363 0171
D046292643: 0442 0411 0280 0262 0204 0265 0171
D098509614: 0401 0171 0277 0356 0343 0360 0225
D0830539: 0461 0249 0247 0458 0202 0265 0324 0171
D071784052: 0455 0397 0368 0272 0241 0370 0313 0201 0171
D059127659: 0416 0415 0326 0171
D022821508: 0274 0192 0205 0171
D048407588: 0395 0361 0225 0171
D052948671: 0370 0282 0215 0171
D0529233: 0451 0333 0171
D028787440: 0392 0315 0302 0235
D0635338: 0290 0423 0189 0384 0171
D075762117: 0446 0358 0218 0214 0289 0171
D016700123: 0410 0455 0446 0373 0330 0405 0289 0171
D0524785: 0393 0379 0264 0374 0251 0199 0171
D0928062: 0237 0353 0225 0370 0219
D056030389: 0445 0368 0354 0320 0194 0171
D096100776: 0376 0295 0248 0179 0218 0230 0258 0180 0245 0171
D0984148: 0414 0426 0380 0446 0347 0203 0449 0171
