D007357367: 0415 0345 0344 0429 0319 0341 0177 0171
D0630835: 0386 0375 0412 0320 0171
D0923406: 0428 0276 0206 0375 0350 0300 0171
D038227493: 0455 0259 0253 0171 0228 0384
D0770087: 0397 0372 0171
D004017806: 0382 0378 0437 0459 0205 0171
D031467629: 0445 0261 0222 0171
D048219198: 0435 0430 0391 0199 0381 0278 0220 0337 0298 0197 0191 0171
D0615428: 0369 0359 0446 0354 0171
D008602251: 0350 0226 0437 0243 0179 0301 0182 0344 0267 0178 0171
D014135378: 0299 0291 0406 0334 0171
D0692577: 0362 0203 0411 0226 0170
D010120095: 0373 0371 0329 0322 0457 0170
D001840414: 0339 0310 0170
D012524631: 0439 0386 0410 0317 0289 0364 0247 0173 0170
D0824781: 0459 0418 0248 0399 0189 0292 0170
D007684401: 0400 0286 0274 0225 0334 0222 0170 0187 0181
D0627116: 0430 0419 0288 0382 0407 0192 0170
D007100864: 0327 0337 0239 0412 0170
D057523392: 0429 0250 0170
D0677343: 0391 0429 0170
D006465001: 0450 0249 0349 0170
D066704850: 0415 0392 0309 0170
D0960050: 0418 0255 0244 0412 0170
D092642263: 0420 0313 0296 0455 0446 0235 0292 0278
D066575146: 0372 0449 0315 0215 0170
D005565238: 0302 0286 0222 0416 0321 0170
D066151692: 0465 0184 0332 0285 0393 0429 0170
D035533177: 0404 0327 0278 0170
D0960413: 0418 0265 0452 0226 0170
D0667709: 0434 0302 0263 0247 0170
D094159851: 0451 0420 0254 0222 0192 0170
D0755872: 0441 0296 0224 0199 0170
D060787170: 0433 0323 0242 0412 0170
D015991652: 0325 0312 0237 0170
D0642690: 0410 0396 0324 0335 0230 0446 0436 0178 0170
D0917760: 0348 0308 0256 0299 0262 0396 0233 0170
D0712107: 0448 0424 0373 0212 0170
D0909632: 0363 0362 0355 0280 0345 0246 0176 0456 0170
D010137208: 0374 0311 0271 0229 0375 0212 0176 0309 0171 0170
D076119262: 0333 0283 0241 0170
D085197626: 0367 0291 0253 0170
D0650987: 0434 0281 0452 0388 0170
D049224528: 0363 0185 0172 0429 0170
D0666057: 0440 0179 0233 0425 0389 0457 0170
D094487107: 0314 0340 0206 0196 0270 0464 0170
D0775016: 0375 0350 0229 0322 0245 0170
D0717108: 0284 0288 0239 0420 0169
D0723766: 0374 0355 0169 0217 0278 0212 0172
