D0855958: 0412 0124 0207 0125 0319 0053
D008112606: 0412 0280 0251 0205 0150 0082 0140 0113 0108 0057
D083678615: 0460 0342 0462 0274 0057
D0633174: 0294 0409 0449 0404 0210 0069
D0561229: 0423 0146 0093 0077 0057
D076548420: 0449 0433 0395 0410 0317 0263 0327 0157 0069 0278 0057
D023535411: 0153 0280 0406 0162 0243 0032
D073453000: 0296 0211 0411 0141 0057
D0503323: 0421 0418 0463 0305 0137 0121 0080 0406 0036
D0910131: 0459 0452 0345 0285 0044 0052 0107 0151 0100
D072728376: 0437 0403 0273 0057 0142 0137 0326
D0721289: 0444 0463 0386 0439 0412 0379 0326 0430 0057
D0795748: 0401 0260 0330 0048 0220 0043 0206 0271 0069
D016743267: 0397 0372 0244 0206 0057
D080604570: 0399 0373 0299 0257 0054 0085 0011
D038263811: 0062 0236 0057
D049753288: 0387 0364 0175 0066
D0918138: 0242 0144 0120 0321 0057
D005611249: 0311 0403 0238 0191 0282 0026 0177 0378 0045 0033 0006
D070528800: 0347 0232 0453 0093 0083 0129 0355 0316 0066 0057
D075424510: 0410 0393 0372 0339 0124
D063647891: 0454 0423 0255 0002 0087 0172 0094 0250 0006 0019
D065722022: 0387 0148 0057
D087736229: 0387 0244 0452 0076
D0706134: 0429 0331 0302 0262 0375 0212 0110 0088
D070680034: 0435 0420 0311 0298 0397 0223 0203 0259 0128 0359 0057
D087050639: 0398 0243 0168 0062 0431 0386 0040 0050 0134
D054084018: 0175 0152 0124 0212 0055
D0832083: 0316 0091 0158 0153 0261 0068
D023853973: 0340 0272 0431 0238
D093408813: 0369 0307 0154 0104 0069 0127 0354 0454 0094 0022 0018 0359 0001
D083986390: 0367 0267 0092
D040242798: 0434 0308 0280 0262 0162 0265 0113 0359 0222 0169 0358 0057
D0612731: 0420 0383 0288 0385 0166 0216 0328 0196 0222 0192 0161
D095323947: 0426 0432 0404 0373 0461 0057 0155 0100 0360 0093 0170
D056206906: 0422 0297 0328 0210 0061 0057
D064520483: 0438 0364 0087 0209 0057
D026185590: 0222 0220 0196 0188 0147 0105 0058 0057
D076461897: 0444 0363 0316 0251 0200 0448 0277 0181 0378 0162 0061
D018203899: 0409 0340 0265 0256 0215 0186
D063629927: 0390 0283 0145 0107 0096
D016811362: 0101 0414 0313 0430 0166 0057
D0740663: 0287 0146 0114 0170 0063
