D034994795: 0390 0169 0223 0268 0258 0376 0272
D0957545: 0461 0386 0312 0251 0296 0169 0238 0306
D024736213: 0274 0228 0409 0169
D072606773: 0255 0188 0357 0308 0375 0281 0169
D0797569: 0368 0352 0351 0300 0169
D066865100: 0314 0308 0187 0169
D092155107: 0448 0359 0354 0341 0328 0374 0304 0288 0170 0169
D008543363: 0383 0310 0169
D036720910: 0373 0352 0323 0324 0195 0169
D047849150: 0419 0326 0305 0169
D052548093: 0387 0459 0328 0169
D011171515: 0458 0284 0357 0273 0211 0199 0169
D086073271: 0419 0412 0313 0457 0169 0253 0173
D055021869: 0402 0387 0186 0301 0169
D058785539: 0451 0260 0173 0267 0233 0169
D068034429: 0339 0228 0253 0180 0169
D075814618: 0451 0441 0413 0408 0323 0309 0169
D0608458: 0243 0199 0409 0381 0169
D0784825: 0401 0271 0356 0260 0259 0256 0254 0229 0184 0169
D0935392: 0415 0400 0397 0364 0226 0335 0287 0241 0168
D0908814: 0427 0320 0256 0295 0168
D068119492: 0451 0315 0226 0168
D037423131: 0445 0329 0291 0224 0273 0234
D014917752: 0387 0369 0168
D036091195: 0432 0397 0368 0451 0345 0235 0344 0453 0362 0168
D029153121: 0399 0330 0168 0212 0238 0364 0194
D018870954: 0356 0352 0320 0349 0168 0270 0172 0319 0182
D022183798: 0405 0260 0383 0351 0168
D0613439: 0405 0368 0174 0386 0168
D039200990: 0318 0294 0264 0248 0168
D0865859: 0395 0351 0320 0409 0168 0306 0224 0249 0194
D014927584: 0329 0175 0265 0305 0208 0168
D062329552: 0322 0316 0273 0267 0387 0261 0168
D0687409: 0433 0285 0196 0244 0168
D080332145: 0430 0179 0168
D0951157: 0455 0392 0302 0360 0173 0258 0168
D042188469: 0320 0292 0211 0186 0181 0222 0168
D0583943: 0380 0305 0391 0285 0168
D0776966: 0457 0434 0168 0411 0400 0365 0355
D029959358: 0344 0259 0461 0186 0168
D053581600: 0368 0453 0175 0168
D0679615: 0400 0273 0168
D084899033: 0313 0257 0215 0247 0168
D012755394: 0416 0333 0232 0179 0295 0329 0255 0376 0168
D019202464: 0430 0253 0168
D0772864: 0432 0186 0465 0274 0168
D026293851: 0413 0273 0260 0221 0377 0168
D073492207: 0451 0449 0377 0364 0333 0321 0288 0213 0192 0168
D0931392: 0313 0223 0195 0193 0181 0175 0300 0168
