D0544529: 0440 0448 0438 0387 0289
D0682037: 0422 0309 0308 0288
D068008796: 0354 0309 0288
D029956258: 0463 0462 0441 0357 0434 0388 0317 0288
D009612242: 0399 0317 0287
D0588057: 0355 0309 0287
D0609219: 0379 0335 0317 0287
D093085823: 0287 0321 0348 0319 0419 0404 0372
D001167382: 0420 0344 0328 0287
D036157518: 0421 0297 0305 0287
D049920505: 0317 0454 0358 0339 0286
D018201451: 0426 0446 0438 0337 0398 0286
D0608505: 0458 0304 0286
D081697014: 0439 0338 0331 0286
D0682718: 0465 0302 0447 0433 0285
D096324509: 0356 0308 0340 0285
D077068590: 0409 0336 0360 0285
D089915905: 0414 0335 0400 0285
D063780048: 0383 0306 0285
D0892298: 0458 0345 0351 0348 0284
D069553202: 0460 0298 0284
D088409719: 0450 0426 0422 0398 0284 0395 0325
D009843509: 0451 0299 0386 0284
D0693654: 0423 0368 0315 0324 0317 0303 0284
D062080859: 0382 0374 0426 0284
D032930559: 0403 0352 0349 0387 0284
D085661264: 0411 0322 0333 0284
D0841604: 0306 0304 0299 0290 0283
D085642232: 0430 0424 0388 0394 0306 0293 0283
D032860412: 0406 0364 0306 0283
D036148028: 0446 0421 0389 0366 0375 0354 0283
D037164621: 0410 0405 0387 0283
D0776481: 0305 0377 0283
D016037052: 0437 0341 0283
D005921805: 0455 0442 0282
D033318363: 0302 0429 0320 0282
D0964603: 0415 0382 0439 0356 0282
D0612791: 0457 0367 0424 0331 0282
D045161438: 0355 0296 0282
D098297900: 0331 0328 0308 0282
D029949328: 0460 0421 0413 0362 0281
D0791701: 0281 0349 0425 0448 0421 0322
D018356939: 0453 0424 0314 0280
D079654838: 0407 0345 0293 0280
D006669768: 0445 0375 0387 0280
D096807590: 0416 0304 0280
D035140344: 0445 0435 0280 0393 0407 0317
D0892565: 0337 0324 0286 0465 0280
D072770313: 0396 0381 0311 0279
D0751959: 0454 0368 0432 0324 0279
D034522134: 0436 0368 0347 0279
D032797701: 0341 0290 0279
D0730259: 0461 0351 0321 0289 0439 0355 0335 0279
D0672918: 0409 0443 0407 0351 0278
D077664822: 0447 0368 0408 0279 0278
D031114271: 0451 0394 0391 0278
D0618810: 0302 0280 0445 0429 0278
D026782195: 0415 0369 0400 0353 0447 0289 0278
D0761526: 0363 0321 0297 0464 0277
