D0629257: 0282 0270 0235 0168
D017596749: 0357 0340 0299 0280 0255 0168
D089064504: 0361 0426 0386 0238 0168
D093721226: 0316 0297 0232 0228 0195 0168
D0836024: 0204 0374 0185 0174 0168
D069238482: 0369 0362 0324 0236 0176 0168
D014033872: 0428 0389 0366 0365 0168 0350 0290 0218
D0803924: 0393 0304 0289 0462 0168
D016804715: 0414 0175 0415 0167
D000908429: 0329 0324 0312 0401 0301 0167
D089900611: 0426 0167 0414 0359 0244 0342
D0607953: 0288 0276 0230 0415 0167
D071832975: 0393 0299 0267 0378 0352 0206 0167
D0836660: 0246 0242 0240 0171 0167
D0621194: 0433 0383 0360 0167 0349 0259 0204 0198
D044938086: 0415 0402 0297 0292 0167 0272 0338 0219 0172
D0509323: 0326 0336 0217 0169 0167
D060538956: 0370 0381 0342 0249 0216 0179 0414 0167
D0729951: 0327 0281 0167
D0701940: 0232 0231 0446 0395 0167
D015644817: 0464 0167 0323 0414 0291 0290
D014541643: 0298 0402 0285 0202 0167
D0806869: 0464 0312 0398 0196 0167
D092507401: 0247 0242 0396 0167
D0813511: 0434 0321 0463 0214 0261 0332 0167
D028539032: 0444 0379 0185 0336 0301 0323 0167
D071835235: 0384 0369 0347 0298 0224 0213 0167
D091743961: 0299 0433 0167
D052171031: 0434 0404 0253 0242 0190 0167
D0730651: 0451 0439 0391 0368 0354 0167
D0939854: 0251 0273 0167
D085818002: 0393 0295 0222 0250 0227 0219 0167
D0729193: 0462 0407 0310 0457 0278 0274 0328 0196 0420 0167
D0841370: 0372 0274 0256 0237 0167
D012424443: 0402 0377 0302 0358 0393 0177 0167
D087452334: 0167 0425 0387 0322 0460 0252
D0500070: 0437 0335 0312 0301 0315 0228 0297 0211 0167
D092819221: 0447 0418 0355 0248 0194 0199 0167
D070795653: 0370 0364 0282 0356 0264 0206 0167
D015275479: 0383 0307 0251 0433 0167
D064717005: 0325 0280 0264 0217 0203 0167
D0855950: 0435 0423 0222 0326 0240 0184 0167
D0882298: 0412 0277 0246 0172 0212 0167
D0867673: 0410 0305 0420 0267 0167
D0501524: 0290 0200 0194 0181 0174 0190 0270 0167
D070478204: 0248 0217 0340 0167
D0674397: 0338 0265 0214 0371 0167
D092556522: 0324 0167 0241 0303 0280 0219
D0842716: 0255 0195 0185 0183 0170 0409 0167
D054437609: 0442 0350 0179 0167
