D010501214: 0281 0261 0194 0277 0112 0108 0159 0211 0055
D087807578: 0406 0339 0316 0242 0180 0113 0098 0096
D067772766: 0388 0092
D055531764: 0441 0431 0389 0230 0356 0455 0097 0055
D005971695: 0376 0370 0265 0283 0082 0043 0002 0227 0119
D0510275: 0376 0347 0344 0055 0298 0445 0161 0129 0202
D033667119: 0374 0373 0113 0326 0192 0434 0163
D0624741: 0301 0268 0238 0174 0009
D089224250: 0370 0141 0107 0062 0055
D0700446: 0299 0454 0146 0442 0089
D0951789: 0260 0315 0199 0443 0072
D045762727: 0443 0209 0208 0186 0079 0230 0069 0373 0235 0055
D004684060: 0275 0066 0055
D0645858: 0279 0150 0229 0409 0272 0270 0212 0204 0055
D080104025: 0314 0106 0150 0002
D093406840: 0222 0399 0055 0262 0422 0131
D045064173: 0185 0169 0077 0039
D042611950: 0460 0322 0055 0292 0435 0398 0117 0353
D034877678: 0381 0335 0183 0269 0214 0118 0311 0084 0055
D050741335: 0411 0340 0288 0258 0193 0278 0125 0058 0290 0055
D0773987: 0148 0387 0007
D0642860: 0459 0412 0384 0299 0285 0264 0186 0101 0049
D0789158: 0464 0383 0349 0328 0055
D0521558: 0363 0165 0135 0050 0020
D069182617: 0207 0109 0173 0167 0138 0086
D014213946: 0253 0218 0259 0201 0134 0115 0110 0095 0022
D062194563: 0461 0385 0342 0153 0415 0065
D046956903: 0328 0194 0446 0223 0055
D0678967: 0436 0368 0452 0215 0113
D079642491: 0381 0307 0181 0175 0161 0344 0055
D0851485: 0254 0221 0183 0114 0428 0094 0444 0363 0235 0055
D0508689: 0298 0357 0032 0315 0039 0170
D092143609: 0417 0443 0374 0258 0405 0107 0182 0111 0421 0198 0055
D0610640: 0445 0187 0310 0108 0103 0407 0055
D068838638: 0307 0166 0142 0246 0214 0078
D088027043: 0332 0289 0280 0292 0256 0055
D015066800: 0368 0318 0291 0132 0282 0136 0208 0049 0343 0160 0434 0156 0093
D0833944: 0445 0240 0076 0436 0188 0186
D0621486: 0447 0390 0333 0170 0375 0069 0055
D023960558: 0276 0201 0127 0055
D085022645: 0465 0414 0356 0161 0282 0126 0125 0055
D056994216: 0311 0290 0133 0055
D0654440: 0401 0357 0352 0320 0295 0055 0235 0278 0152
D038475559: 0433 0331 0314 0121 0094 0055
D086404877: 0447 0371 0422 0223 0094 0138 0426 0255 0087 0084
