D005456260: 0310 0203 0167
D0605238: 0386 0332 0395 0225 0167
D0511970: 0244 0239 0167
D012467655: 0359 0306 0209 0190 0167
D0601327: 0227 0321 0215 0177 0167
D065071229: 0444 0424 0223 0184 0167
D0966320: 0451 0328 0255 0229 0167
D064120898: 0191 0279 0174 0167
D046872678: 0460 0429 0292 0438 0227 0167
D0972509: 0381 0325 0434 0404 0309 0187 0268 0300 0167
D070511246: 0350 0205 0167
D0913771: 0394 0277 0167
D068736552: 0432 0374 0282 0340 0206 0167
D074023769: 0406 0292 0236 0354 0195 0176 0167
D0740466: 0307 0299 0175 0223 0167
D066025870: 0406 0436 0347 0301 0331 0166
D099256234: 0357 0263 0243 0269 0242 0166
D014792175: 0374 0325 0175 0166
D051278649: 0351 0208 0286 0278 0377 0230 0300 0168
D047127937: 0374 0333 0166
D058533949: 0453 0447 0433 0416 0198 0217 0187 0166
D037121181: 0420 0228 0177 0166
D062777254: 0456 0446 0312 0302 0166
D0625623: 0452 0174 0323 0167 0166
D0971677: 0459 0332 0413 0314 0166
D025391046: 0437 0402 0200 0166
D057423593: 0439 0377 0361 0404 0324 0272 0260 0250 0192 0166
D060492241: 0345 0305 0238 0253 0250 0166
D080380399: 0306 0204 0166
D010917299: 0362 0244 0166
D0653358: 0323 0214 0377 0191 0166
D0879219: 0315 0417 0195 0169 0166
D0506846: 0458 0370 0170 0232 0185 0331 0250 0166
D045187162: 0364 0316 0253 0228 0296 0322 0166
D088532059: 0333 0370 0262 0338 0314 0301 0211 0331 0250 0442 0208 0166
D0771014: 0299 0268 0446 0262 0166
D006370633: 0426 0320 0299 0166 0291 0319
D019611983: 0407 0431 0166
D070808551: 0306 0226 0255 0191 0166
D0638796: 0447 0166 0430 0380 0306 0266
D082050917: 0397 0395 0166 0254 0405 0173 0394 0421 0224
D0905623: 0319 0316 0242 0267 0396 0207 0307 0166
D0605855: 0185 0271 0166
D042640523: 0459 0445 0383 0378 0369 0311 0253 0206 0246 0222
D090492297: 0378 0236 0377 0166
D0844742: 0254 0213 0319 0192 0166
D0905300: 0453 0426 0285 0267 0224 0284 0166
D077756718: 0250 0254 0232 0166
D0957218: 0308 0289 0255 0226 0175 0390 0342 0173 0166
D0684359: 0434 0404 0354 0335 0329 0254 0166 0246 0211 0203 0170
D0567906: 0415 0343 0221 0369 0166
