D0938772: 0452 0427 0457 0227 0166
D045753183: 0422 0345 0270 0166
D0800331: 0371 0340 0330 0426 0166
D0615410: 0460 0406 0298 0198 0166
D0770805: 0388 0355 0198
D017916233: 0431 0423 0394 0411 0226 0166
D0800852: 0462 0404 0166 0402 0325 0318 0387
D0736110: 0316 0185 0166
D0841468: 0252 0345 0313 0239 0284 0166
D059675389: 0452 0450 0166
D028203865: 0339 0167 0300 0253 0244 0325 0166
D037677084: 0380 0261 0277 0166
D0785961: 0460 0428 0236 0178 0166
D068770310: 0202 0193 0187 0166
D0778771: 0363 0352 0304 0462 0355 0275 0166 0206 0342 0177
D095387956: 0324 0199 0314 0165
D046883124: 0427 0426 0303 0165
D0656603: 0444 0312 0231 0245 0165
D071279626: 0447 0438 0308 0304 0378 0177 0165
D011989936: 0414 0299 0204 0277 0165
D088932620: 0405 0353 0298 0397 0288 0165
D088690797: 0371 0448 0227 0165
D0565184: 0459 0444 0306 0285 0247 0282 0213 0172 0165
D0688824: 0174 0355 0324 0460 0268 0430 0165
D0545999: 0421 0394 0342 0323 0263 0217 0170 0365 0165
D0722809: 0351 0331 0267 0240 0374 0218 0393 0247 0165
D0551089: 0390 0327 0171 0247 0165
D052170614: 0299 0205 0271 0165
D0884647: 0270 0179 0165
D014268793: 0446 0348 0409 0301 0195 0165
D080755852: 0443 0375 0341 0275 0379 0217 0311 0210 0165
D063924923: 0376 0223 0235 0193 0165
D067818464: 0375 0240 0431 0165
D053483805: 0456 0462 0439 0375 0339 0241 0165
D0703734: 0352 0278 0203 0191 0165
D0768914: 0431 0410 0455 0321 0238 0232 0206
D055807746: 0356 0367 0257 0219 0165
D082734411: 0429 0288 0261 0165 0246 0348 0239 0212
D0690477: 0298 0199 0374 0180 0165
D0637503: 0423 0396 0414 0176 0272 0315 0172 0366 0165
D092436022: 0301 0234 0239 0210 0283 0165
D0580146: 0372 0354 0317 0213 0310 0231 0271 0332 0165
D0944341: 0432 0364 0356 0310 0201 0303 0373 0188 0165
D086533010: 0377 0168 0165
D0686152: 0411 0172 0331 0244 0165
D0563541: 0330 0347 0252 0224 0165
D078420670: 0432 0308 0225 0426 0165
D000629348: 0421 0367 0362 0352 0425 0349 0250 0165
D083636400: 0455 0345 0309 0250 0258 0165
D0731227: 0384 0252 0165
D038344268: 0414 0397 0243 0264 0385 0274 0165 0248 0222
