D091284891: 0457 0325 0314 0165
D097231554: 0358 0293 0171 0165
D047892057: 0414 0165 0340 0242 0215 0280
D080846925: 0418 0249 0232 0346 0263 0233 0367 0193 0175 0165
D012503247: 0434 0409 0346 0398 0341 0211 0165
D094651126: 0343 0246 0359 0165
D031068741: 0384 0377 0318 0234 0443 0218 0191 0165
D0509738: 0452 0380 0379 0342 0193 0183 0165
D063128086: 0410 0404 0436 0178 0165
D055918749: 0236 0196 0165
D0792617: 0399 0377 0406 0346 0259 0305 0164 0246 0169
D030669628: 0458 0395 0389 0299 0275 0164 0257 0295
D0634985: 0324 0375 0285 0275 0164
D062637879: 0313 0298 0171 0164
D048480338: 0433 0342 0239 0298 0187 0238 0461 0430 0164
D095379517: 0317 0270 0442 0240 0164
D043576708: 0401 0434 0309 0275 0283 0207 0284 0164
D045041082: 0440 0223 0462 0164
D003339619: 0225 0263 0383 0407 0344 0410 0306
D0978104: 0389 0322 0367 0204 0164
D040398600: 0366 0355 0352 0275 0164
D023183834: 0299 0199 0187 0459 0185 0385 0164
D0638722: 0432 0392 0388 0241 0164 0229 0304 0225 0180
D0681652: 0382 0237 0459 0205 0177 0249 0164
D013832735: 0446 0176 0306 0164 0291 0356 0296
D0575202: 0356 0330 0241 0419 0164
D067012961: 0387 0168 0164
D077623843: 0422 0389 0348 0164
D0735302: 0447 0428 0464 0238 0164
D0991273: 0395 0323 0386 0396 0266 0402 0165 0164
D0736999: 0449 0383 0318 0269 0425 0176 0255 0164
D074717200: 0414 0352 0164
D0777849: 0427 0375 0279 0431 0164
D005373321: 0373 0344 0230 0168 0164
D0631307: 0452 0256 0210 0187 0164
D003610053: 0304 0283 0223 0164 0276 0463 0208 0336 0315 0307 0171
D014595110: 0390 0243 0221 0361 0184 0164
D0873180: 0450 0420 0360 0315 0203 0413 0164
D072636879: 0375 0347 0308 0164
D0842318: 0443 0421 0164 0291 0276 0440 0384 0230 0244
D0553379: 0448 0369 0376 0350 0223 0201 0351 0164
D016700000: 0410 0408 0463 0312 0289 0170 0244 0164
D059442516: 0310 0218 0164
D0689341: 0390 0280 0328 0432 0228 0191 0385 0164
D0725890: 0397 0261 0208 0167 0244 0164
D077120274: 0387 0164 0366 0345 0299 0433 0173
D085993747: 0455 0300 0217 0191 0164
D048794169: 0425 0341 0257 0164
D0775242: 0454 0416 0203 0163
