D068660697: 0387 0376 0355 0352 0192 0163
D0973725: 0414 0279 0163
D078592780: 0464 0440 0329 0394 0177 0231 0220 0163
D077213792: 0376 0405 0163 0336 0442 0166
D021699993: 0426 0386 0316 0167
D0923848: 0320 0226 0196 0374 0163
D0997445: 0373 0337 0252 0345 0313 0375 0239 0214 0163
D0605279: 0437 0411 0292 0405 0217 0197 0163
D026188065: 0448 0163
D076153761: 0347 0334 0438 0163
D0896671: 0334 0300 0291 0274 0188 0367 0163
D0773302: 0455 0341 0163
D0989002: 0449 0219 0171 0330 0163
D0716144: 0450 0443 0221 0331 0409 0281 0261 0367 0163
D0968894: 0397 0317 0255 0237 0198 0193 0163
D0537239: 0442 0363 0427 0256 0163
D0745529: 0332 0186 0163
D0768378: 0426 0348 0323 0300 0163
D023442702: 0445 0399 0394 0358 0383 0363 0215 0163
D030867116: 0421 0163 0307 0274 0260 0234
D0805306: 0368 0194 0163
D049517149: 0397 0391 0280 0230 0210 0204 0192 0171 0163
D0879247: 0431 0420 0401 0352 0331 0457 0268 0237 0163
D0579085: 0348 0236 0442 0217 0163
D052962387: 0397 0312 0455 0444 0436 0287 0257 0272 0163 0224 0175
D092762664: 0354 0358 0264 0227 0180 0163
D091709721: 0383 0296 0458 0163
D076409899: 0231 0285 0202 0163
D030592827: 0339 0271 0446 0267 0367 0205 0163
D071783444: 0411 0268 0247 0163
D033530291: 0409 0349 0310 0333 0297 0367 0163 0273 0321 0235 0291
D020698645: 0358 0274 0182 0239 0163
D005039876: 0193 0168 0163
D0993377: 0439 0343 0296 0170 0163
D0581650: 0362 0238 0163
D003655221: 0444 0432 0284 0176 0163
D035175896: 0381 0206 0333 0183 0163
D064266961: 0263 0278 0223 0192 0197 0277 0163
D052046674: 0386 0362 0398 0343 0163
D0857440: 0395 0388 0381 0163 0308 0346 0313
D0582475: 0404 0322 0266 0222 0163
D090812408: 0356 0314 0283 0388 0261
D026659541: 0440 0278 0163 0356 0162
D093379311: 0388 0178 0177 0294 0171 0162
D0889675: 0407 0211 0366 0205 0162
D0508375: 0462 0223 0397 0291 0432 0162
D097351214: 0419 0279 0162
D045715228: 0341 0310 0162
D009941397: 0343 0296 0162
D0847539: 0287 0387 0271 0171 0162
D051545147: 0447 0323 0271 0318 0308 0360 0162
D006476274: 0431 0343 0265 0193 0162
