D029942299: 0413 0396 0346 0203 0162
D0540152: 0336 0287 0237 0223 0212 0173 0162
D0704535: 0459 0358 0256 0302 0162
D070486094: 0432 0431 0342 0418 0303 0192 0260 0256 0212 0162
D050057337: 0451 0424 0416 0367 0162 0346 0384
D093975445: 0376 0351 0404 0162
D0910124: 0223 0437 0162
D0880042: 0330 0293 0347 0203 0162
D0888609: 0464 0424 0373 0235 0199 0249 0182 0406 0162
D031374101: 0405 0327 0162
D073673613: 0433 0261 0181 0162
D019510514: 0404 0263 0207 0162
D0949796: 0417 0387 0291 0249 0364 0318 0162
D0874713: 0438 0414 0354 0442 0162
D0898464: 0282 0334 0162
D008202666: 0396 0361 0199 0162
D0640489: 0418 0408 0273 0326 0260 0162
D084780805: 0414 0361 0268 0162
D059204602: 0447 0275 0377 0162 0398 0323
D0513974: 0447 0414 0296 0165 0162
D032774856: 0443 0299 0168 0181 0162
D0833528: 0465 0279 0246 0366 0169 0374 0162
D0992011: 0270 0175 0178 0168 0162
D099438289: 0413 0402 0333 0411 0212 0323 0220 0378 0162
D077112026: 0429 0375 0299 0347 0162
D095528670: 0261 0426 0191 0162
D0875520: 0454 0397 0255 0400 0251 0216 0171 0304 0162
D0894092: 0410 0279 0184 0171 0162
D037912987: 0162 0378 0202 0385 0450 0318
D0512523: 0450 0344 0447 0167 0162
D064780030: 0346 0180 0362 0162
D0983545: 0447 0172 0295 0220 0449 0372 0435 0162
D095956114: 0402 0192 0263 0162
D0645302: 0367 0349 0334 0251 0236 0170 0161
D043602650: 0435 0367 0350 0297 0215 0451 0219 0161
D034372302: 0447 0423 0232 0161
D054882669: 0364 0324 0289 0161
D061358683: 0382 0208 0201 0161
D076114335: 0440 0417 0300 0161
D055469432: 0347 0290 0318 0252 0386 0220 0161
D0590526: 0461 0430 0243 0463 0214 0421 0205 0314 0161
D0955561: 0433 0408 0377 0386 0368 0300 0161 0289 0263 0224
D086326865: 0290 0285 0246 0161
D0691727: 0418 0363 0324 0463 0161
D051206970: 0431 0385 0167 0350 0173 0161
D039186157: 0395 0366 0261 0299 0217 0243 0297 0174 0450 0188 0389 0161
D023120334: 0235 0359 0266 0161
D0508633: 0353 0309 0228 0182 0161
D0673249: 0420 0395 0342 0328 0279 0184 0229 0225 0161
D057426679: 0413 0401 0394 0185 0309 0315 0382 0320 0436 0178
