D067275946: 0373 0138 0119 0149 0089
D086768931: 0441 0429 0397 0311 0050 0220 0207 0121 0200
D0661561: 0433 0328 0274 0110 0069 0156 0415 0061 0051
D0671162: 0463 0419 0376 0177 0050
D018032901: 0411 0159 0287 0084 0288 0050
D0541358: 0324 0273 0266 0184 0176 0069 0296 0130 0050
D017350662: 0298 0226 0050
D097871460: 0404 0329 0310 0315 0306 0113 0256 0238 0109 0200 0331 0050
D074143320: 0166 0082 0140 0273 0299 0211
D086171113: 0419 0402 0276 0167 0280 0445 0389 0161 0048
D0927921: 0420 0289 0154 0292 0084 0404 0060
D028615668: 0357 0293 0218 0175 0420 0239 0210 0023
D099721381: 0439 0432 0308 0277 0150 0050
D078399693: 0274 0273 0139 0332 0050
D045625688: 0060 0328 0046 0356 0006 0351 0003
D006540562: 0434 0426 0381 0422 0028 0352 0345
D060468291: 0360 0057 0322 0050 0312 0294
D0986827: 0359 0225 0228 0163 0205 0405 0123 0070
D0637528: 0410 0389 0235 0178 0050
D0850783: 0211 0180 0252 0162 0067
D031121767: 0433 0368 0082 0279 0050
D032888317: 0360 0217 0202 0183 0167 0081 0301 0123 0338 0073 0322 0057
D0906414: 0465 0395 0391 0377 0169 0297 0362 0372 0050
D0523917: 0319 0314 0198 0054 0053
D004385349: 0465 0410 0226 0152 0088
D088766027: 0415 0354 0276
D082776763: 0420 0268 0249 0070 0234 0388 0199 0161 0428 0050
D0782771: 0410 0346 0225 0058 0169 0130 0066 0330 0050
D019508139: 0426 0383 0141 0276 0254 0034
D064710532: 0398 0269 0248 0127 0106 0083 0069
D003384114: 0456 0305 0370 0244 0394 0136
D0782314: 0335 0327 0263 0187 0068
D082133283: 0373 0285 0228 0144 0067 0265 0130 0129 0050
D0633028: 0230 0275 0218 0123 0101
D026461984: 0455 0440 0432 0376 0358 0340 0333 0313 0050
D026421681: 0451 0342 0293 0205 0126
D0962014: 0388 0261 0307 0222 0093
D065394526: 0360 0320 0347 0224 0090 0050
D051995140: 0284 0191 0173 0159 0269 0050
D0573215: 0289 0285 0194 0062 0176 0145 0088
D091717832: 0235 0118 0050
D013258931: 0449 0326 0182 0109 0139 0040 0460 0429 0038
D0678339: 0465 0371 0347 0285 0147 0144 0094 0261 0152
D092813298: 0413 0333 0169 0373 0311 0343 0334 0221 0050
D099922689: 0252 0268 0198 0181 0451 0016
