D042716198: 0454 0226 0284 0161
D025100846: 0304 0220 0205 0426 0161
D099566814: 0180 0380 0169 0161
D005504206: 0448 0404 0349 0179 0320 0373 0298 0161
D085324466: 0430 0292 0251 0180 0161
D071004228: 0432 0161
D0874627: 0395 0322 0191 0272 0240 0271 0389 0345 0161
D054923331: 0461 0352 0339 0161
D0797229: 0190 0240 0378 0233 0368 0351 0161
D062007733: 0356 0408 0291 0165 0161
D0959366: 0301 0399 0286 0192
D031890441: 0281 0451 0221 0426 0161
D075835767: 0448 0410 0336 0161
D0884343: 0309 0283 0161
D035593393: 0456 0382 0341 0296 0161
D091226167: 0444 0375 0355 0320 0269 0297 0198 0244 0161
D037460068: 0442 0358 0337 0237 0161
D0909046: 0335 0434 0223 0249 0161
D0589961: 0279 0265 0239 0161 0237 0274
D0731370: 0454 0317 0268 0161
D0758586: 0443 0364 0355 0352 0161
D0531146: 0449 0413 0426 0384 0376 0179 0274 0161
D0833489: 0354 0286 0220 0245 0161
D0956669: 0446 0418 0179 0382 0228 0200 0161
D068341169: 0423 0422 0377 0284 0334 0281 0196 0161
D044023836: 0237 0224 0407 0172 0161
D048391269: 0211 0385 0332 0197 0172 0161
D083967733: 0390 0285 0221 0333 0161
D037013073: 0445 0300 0160 0260 0213 0431
D010862551: 0396 0464 0182 0178 0160
D004814726: 0341 0338 0441 0160
D0931470: 0346 0305 0259 0161 0160
D0687548: 0414 0302 0215 0280 0160
D047638396: 0349 0312 0160
D036087549: 0414 0186 0255 0160
D0972459: 0466 0465 0375 0432 0325 0255 0160
D0949607: 0337 0241 0206 0245 0160
D097589280: 0416 0371 0206 0181 0168 0160
D024074315: 0458 0423 0381 0317 0353 0286 0379 0238 0160
D0728311: 0356 0423 0211 0271 0160
D0790782: 0423 0390 0362 0289 0424 0206 0160
D012655113: 0369 0460 0268 0409 0209 0176 0219 0160
D054781504: 0420 0406 0373 0395 0160 0234 0175 0274 0219
D011264026: 0415 0398 0366 0160 0327 0302 0238 0224 0191 0185 0317 0239 0182
D0525792: 0276 0239 0370 0329 0160
D024566926: 0407 0383 0374 0312 0234 0160
D0984668: 0448 0419 0354 0160 0258 0168 0165
D090994241: 0282 0302 0187 0374 0162 0160
D026187273: 0459 0454 0325 0430 0392 0180 0160
D079552585: 0454 0448 0445 0290 0287 0351 0160
