D0914633: 0423 0354 0296 0295 0160
D067560400: 0385 0451 0288 0160
D065179505: 0443 0230 0160
D0768139: 0299 0287 0203 0271 0160
D0711335: 0446 0430 0232 0230 0160
D0718571: 0457 0381 0305 0227 0188 0160
D0805751: 0426 0335 0272 0246 0225 0160 0183 0345 0161
D014553578: 0376 0373 0443 0266 0258 0160
D0599216: 0301 0260 0283 0222 0160
D068289324: 0411 0281 0246 0307 0164
D0572334: 0381 0340 0332 0258 0160
D075258825: 0398 0332 0338 0169 0160
D035161882: 0269 0244 0182 0160
D0656423: 0425 0229 0202 0383 0160
D0722533: 0427 0425 0420 0160 0192 0334 0206 0266
D0796147: 0405 0341 0286 0204 0187 0161 0160
D0733139: 0291 0403 0252 0261 0160 0175 0277
D022487049: 0410 0224 0374 0269 0180 0160
D0978624: 0264 0284 0245 0194 0180
D023254121: 0400 0287 0456 0278 0173 0161 0160
D020196349: 0410 0417 0203 0408 0200 0160
D096898130: 0425 0261 0159 0252 0174 0211
D061937277: 0427 0385 0272 0159
D0698783: 0274 0403 0371 0223 0159
D026681368: 0376 0201 0422 0159
D0830675: 0311 0452 0282 0166 0159
D059383406: 0447 0446 0413 0209 0411 0261 0464 0203 0159
D060348715: 0338 0311 0235 0286 0229 0159
D049175974: 0462 0311 0159
D0999482: 0334 0244 0330 0179 0159
D010577530: 0423 0416 0385 0247 0231 0230 0219 0189 0159
D0981305: 0444 0424 0320 0302 0270 0353 0190 0236 0210 0159
D0543076: 0369 0365 0277 0317 0239 0232 0200
D093440585: 0396 0381 0387 0377 0216 0159
D029516971: 0270 0403 0159
D032228953: 0453 0447 0313 0241 0231 0351 0251 0210 0335 0174 0159
D056138344: 0410 0409 0195 0159
D055333078: 0448 0306 0159
D0797545: 0361 0343 0329 0215 0159 0169 0285
D027556016: 0349 0161 0159
D083975189: 0455 0337 0226 0285 0177 0159
D003627686: 0328 0303 0159
D029035410: 0337 0394 0182 0168 0212 0263 0189 0159
D052771385: 0410 0272 0378 0263 0261 0200 0159
D0858030: 0383 0328 0310 0222 0193 0464 0159
D009465923: 0369 0269 0235 0207 0159
D032296853: 0330 0254 0323 0159
D0611467: 0457 0368 0159
D0501912: 0277 0411 0250 0242 0159
D006560461: 0459 0308 0159
D008770394: 0358 0343 0159
D072518540: 0388 0464 0159 0203 0253 0425 0420
