D058409718: 0313 0393 0209 0297 0159
D012062058: 0237 0215 0161 0391 0159
D035167990: 0451 0289 0159 0403 0203 0168
D073202868: 0377 0343 0394 0272
D0938683: 0277 0278 0260 0207 0159
D050348268: 0461 0419 0432 0248 0159
D040203959: 0431 0178 0400 0159
D043425921: 0434 0409 0395 0363 0322 0378 0360 0341 0159
D0500456: 0441 0355 0349 0392 0159 0232 0333 0320 0312
D064949789: 0411 0314 0330 0200 0159
D076481840: 0429 0310 0183 0202 0159
D020493189: 0376 0464 0357 0368 0159
D037380014: 0410 0294 0190 0159
D0668573: 0380 0346 0180 0293 0177 0417 0159
D002772097: 0392 0214 0159
D076930980: 0310 0454 0159
D068567620: 0385 0242 0174 0225 0159
D0825705: 0345 0194 0273 0211 0159
D079204019: 0388 0184 0159
D080779896: 0453 0294 0317 0334 0245 0159
D036089031: 0312 0205 0273 0159
D0650351: 0415 0376 0247 0290 0340 0216 0210 0303 0158
D0978691: 0406 0203 0378 0202 0158
D023385948: 0363 0448 0251 0416 0158
D031553056: 0419 0394 0321 0295 0225 0158
D027530160: 0448 0236 0323 0211 0158
D036462162: 0462 0333 0215 0352 0158
D066921226: 0444 0448 0337 0291 0158
D0854830: 0226 0300 0217 0286 0158
D080621812: 0459 0386 0184 0158
D0753283: 0389 0279 0422 0257 0158
D027857113: 0401 0361 0158
D069336904: 0408 0275 0434 0360 0158
D033314426: 0158 0440 0458 0362 0269 0373
D0895282: 0429 0270 0181 0382 0158
D0529150: 0464 0328 0234 0241 0158 0226 0206
D055168366: 0391 0302 0454 0348 0339 0300 0298 0427 0203 0158
D022988003: 0382 0270 0256 0399 0250 0222 0345 0219 0248 0169 0158
D0764247: 0366 0274 0362 0304 0214 0159 0158
D055667722: 0390 0338 0275 0254 0158
D0719761: 0450 0208 0181 0170 0360 0158
D052437465: 0253 0418 0415 0259 0158
D0721586: 0428 0405 0284 0246 0344 0209 0158
D0692097: 0445 0439 0336 0200 0158
D020650988: 0463 0243 0406 0429 0341 0158
D0661089: 0417 0397 0395 0323 0158
D031634557: 0365 0303 0158
D0797055: 0442 0305 0454 0158
D000088138: 0450 0286 0391 0164 0216 0192 0159 0158
D0760116: 0428 0286 0158
D027693384: 0365 0332 0301 0241 0158
D016665439: 0360 0245 0219 0297 0176 0355 0158
