D095116044: 0414 0464 0397 0396 0151 0109
D055326445: 0444 0139 0201 0185 0151 0047
D0767657: 0384 0143 0297 0105 0075 0374 0266 0154 0065
D059026228: 0129 0382 0069 0063
D0509627: 0427 0395 0047 0107 0381 0312 0104
D0605256: 0436 0186 0086 0066 0058 0054 0123 0047
D0889730: 0268 0255 0242 0398 0383 0233 0047
D015078988: 0349 0288 0233 0116 0047
D011640622: 0398 0436 0169 0313 0395 0221 0434 0181 0367 0083 0079 0107
D0517259: 0461 0438 0261 0047 0405 0464 0169
D0650371: 0465 0436 0299 0291 0274 0187 0129 0170 0200 0462 0244 0153 0343
D092170759: 0408 0049 0356 0322 0169 0079
D0539271: 0459 0426 0418 0264 0053 0246 0113 0280 0047
D0621124: 0462 0435 0289 0250 0411 0127 0239 0217 0047
D015536808: 0448 0312 0270 0166 0120 0273 0134 0047 0438 0337 0084 0196
D036701544: 0378 0304 0294 0224 0229 0047
D070870251: 0433 0003 0365 0148 0359 0269 0268 0292 0235 0401 0052 0042
D065513521: 0390 0255 0094 0047
D0922770: 0353 0322 0148 0008 0062 0058 0010
D079251488: 0460 0411 0418 0240 0136 0119 0304 0072 0218 0068
D0681290: 0383 0283 0188 0159 0047
D0910655: 0246 0245 0411 0084
D048320177: 0392 0308 0095 0446 0047
D0740447: 0439 0050 0094 0104 0458 0396 0371 0047
D092670211: 0334 0192 0122 0256 0103
D0543061: 0445 0404 0265 0173 0047
D009778047: 0450 0168 0417 0404 0097
D0805669: 0429 0462 0384 0255 0047 0177 0244 0168 0096
D0838373: 0441 0437 0421 0322 0312 0239 0047 0358 0225 0197 0192 0123 0107
D016532465: 0270 0269 0041 0022
D0741204: 0366 0073 0215 0057 0047
D073415701: 0435 0082 0047
D028011798: 0421 0420 0370 0355 0207 0113 0438 0076 0047
D035306016: 0239 0417 0281 0207 0047
D092768963: 0306 0064 0232 0144 0099 0070
D092421097: 0436 0414 0174 0067 0189 0047
D002625034: 0136 0081 0047
D0962576: 0425 0351 0077 0287 0218 0205 0111 0136 0254 0206 0247 0047
D099425272: 0442 0336 0296 0191 0047 0153 0071 0199
D019081410: 0434 0378 0148 0060
D063897524: 0424 0351 0255 0350 0171 0132 0047
D003646243: 0426 0417 0236 0159
D017450928: 0277 0274 0254 0251 0116 0047
D027596463: 0356 0273 0225 0176 0408 0347 0116 0090 0047
