D077640857: 0342 0311 0306 0252 0207 0220 0284 0213 0158
D094327182: 0338 0234 0208 0158
D0566566: 0442 0344 0209 0367 0205 0204 0158
D0575229: 0355 0369 0222 0454 0158
D047859531: 0392 0289 0242 0158
D0948038: 0396 0386 0350 0272 0200 0363 0178 0184 0158
D0675028: 0267 0234 0209 0160 0158
D045294044: 0387 0158 0384 0458 0264 0285
D045756696: 0426 0405 0237 0158
D0541372: 0437 0449 0315 0404 0186 0423 0158
D0506741: 0463 0450 0312 0305 0158
D0584041: 0367 0323 0199 0292 0158 0226 0210
D045770777: 0419 0409 0363 0333 0261 0334 0162 0158
D092815933: 0295 0228 0293 0158
D0981832: 0347 0342 0270 0283 0161 0315 0198 0377 0158
D0612313: 0432 0281 0272 0173 0158
D0807637: 0319 0318 0404 0228 0212 0383 0189 0158
D0651895: 0458 0410 0267 0208 0341 0206 0158
D040330723: 0461 0402 0324 0398 0223 0328 0157
D030488380: 0396 0338 0314 0460 0463 0157
D0540127: 0434 0264 0283 0425 0191 0166 0431 0351 0157
D003993996: 0164 0335 0276 0163 0157
D039409492: 0352 0189 0157
D021065002: 0465 0304 0453 0157 0431 0418
D0552110: 0405 0265 0194 0457 0157
D028646020: 0366 0338 0186 0157
D065565988: 0361 0333 0321 0215 0157
D0891268: 0308 0302 0418 0177 0157
D0671779: 0416 0375 0394 0285 0462 0275 0187 0157
D061466159: 0431 0222 0251 0157
D0684635: 0432 0384 0391 0293 0157
D0774987: 0465 0444 0436 0398 0222 0322 0171 0157
D0954802: 0453 0356 0338 0200 0293 0253 0242 0157
D0608331: 0380 0377 0329 0318 0225 0206 0379 0170 0157
D0762524: 0442 0428 0261 0316 0157
D0636756: 0396 0323 0359 0244 0165
D052071164: 0460 0376 0296 0280 0225 0345 0157
D070043730: 0185 0182 0165
D0818876: 0425 0405 0321 0235 0255 0183 0157
D059562603: 0434 0423 0173 0394 0427 0169 0157
D053693846: 0420 0361 0271 0255 0346 0291 0157
D042030799: 0320 0364 0306 0172 0157
D095922218: 0418 0411 0408 0363 0213 0326 0218 0346 0157
D0948703: 0413 0205 0157
D091059949: 0157 0354 0344 0277 0398 0179
D032923339: 0381 0309 0244 0242 0157
D0580373: 0184 0451 0157
D054823266: 0399 0349 0340 0274 0231 0157 0220 0449 0198 0190
D019062822: 0309 0284 0168 0375 0158
