D006575403: 0429 0199 0388 0047 0328 0130
D081864645: 0266 0217 0129 0047
D0505359: 0243 0146 0125 0112 0061
D017147699: 0120 0226 0094 0424 0060
D0864060: 0413 0152 0143 0146 0047
D082408725: 0454 0375 0354 0278 0324 0453 0362 0360 0233 0051 0047
D019872841: 0462 0357 0239 0457 0105 0238 0139 0304 0093 0047
D036294008: 0302 0407 0215 0188 0212 0417 0159 0382 0374 0126 0048
D0771670: 0266 0145 0423 0382 0047
D0893479: 0386 0230 0208 0241 0053
D011411239: 0214 0186 0174 0356 0100 0047
D0836839: 0462 0355 0287 0270 0276 0331 0130 0102 0047
D093736381: 0200 0180 0145
D060984814: 0405 0303 0275 0415 0039
D071925790: 0456 0414 0387 0439 0087
D030464759: 0356 0346 0372 0256 0158 0133 0279 0358 0047 0109 0105 0314 0104
D061237414: 0438 0394 0374 0145 0340 0393 0231 0300 0278 0163 0268 0131 0050
D0684278: 0348 0257 0150 0421 0134 0099 0073 0050 0047
D051795948: 0445 0086 0068
D045359729: 0379 0310 0287 0143 0082
D074025732: 0393 0047 0381 0190 0377 0157
D006701253: 0404 0370 0221 0042 0462 0039 0027
D099900656: 0402 0357 0348 0047 0401 0395
D001533491: 0440 0180 0105 0396 0047
D041086056: 0418 0409 0392 0162 0110 0314 0331 0326 0222 0148 0109 0107
D003656693: 0334 0254 0317 0209 0280 0085 0047
D0570416: 0314 0157 0152 0089 0079 0072 0047
D0968020: 0444 0402 0278 0143 0400 0293 0047
D045000584: 0203 0166 0148 0157 0394 0070 0122 0313 0054 0096 0328 0047
D058797662: 0449 0304 0344 0292 0076 0047
D021716676: 0450 0262 0081 0079 0058 0108 0048
D0541750: 0326 0277 0079 0272 0054
D007873966: 0408 0174 0047
D027427729: 0456 0266 0225 0047
D069217425: 0371 0313 0261 0138 0228 0108 0235 0005
D088034010: 0426 0294 0270 0455 0096
D087017373: 0238 0079 0047
D086662246: 0222 0198 0176 0155 0386 0050
D004987857: 0168 0164 0102 0238 0079 0046
D067860531: 0370 0351 0334 0284 0183 0443 0093 0055 0308 0020
D0589913: 0384 0369 0337 0343 0135 0296 0124 0047
D020485672: 0357 0294 0166 0089 0047 0177 0215 0116
D072906118: 0319 0316 0226 0127 0077
D0634235: 0421 0351 0058 0344 0066 0289 0185 0179 0325 0397 0155 0012 0129
