D059058816: 0439 0407 0277
D070730951: 0442 0443 0311 0296 0277
D026455198: 0452 0459 0311 0331 0277
D020064372: 0338 0305 0277
D055747653: 0436 0327 0321 0276
D076819872: 0418 0401 0357 0276
D005945023: 0276 0385 0426 0380 0363 0328
D045601378: 0391 0380 0276
D026820811: 0315 0331 0295 0448 0276
D049134094: 0418 0398 0396 0276 0340 0333
D011335573: 0420 0278 0275
D088481289: 0369 0452 0344 0275
D0664456: 0371 0278 0275
D0687384: 0445 0427 0398 0375 0275 0335 0330 0388
D035977339: 0373 0275 0274 0359 0348 0277
D0686295: 0391 0366 0392 0275 0274
D094898460: 0462 0451 0311
D071853055: 0363 0353 0340 0274
D007838132: 0428 0451 0372 0274
D027422854: 0448 0406 0428 0323 0329 0274
D031615648: 0465 0326 0274 0322 0312 0288
D0823227: 0405 0430 0401 0352 0274
D017163019: 0317 0307 0290 0273
D0892321: 0465 0376 0312 0375 0273
D0697023: 0374 0294 0382 0273
D033874005: 0431 0413 0273
D0883189: 0391 0341 0293 0285 0273
D042030263: 0461 0414 0410 0366 0273
D019753898: 0441 0421 0273 0357 0372 0356 0331
D060932396: 0338 0455 0273
D0894774: 0393 0338 0304 0284 0273
D0921952: 0418 0416 0273
D091812834: 0457 0448 0434 0272
D010502464: 0461 0441 0375 0272
D0688856: 0424 0421 0415 0400 0297 0318 0272
D016384477: 0340 0311 0272
D049168457: 0438 0342 0394 0421 0336 0289 0272
D017375207: 0405 0380 0282 0271
D053980144: 0361 0324 0342 0279 0328 0305 0271
D0502702: 0448 0330 0271
D092474970: 0438 0328 0271
D023547964: 0422 0392 0381 0301 0292 0291 0440 0271
D009061439: 0424 0372 0383 0271 0377 0351
D069671715: 0432 0302 0300 0297 0270
D091155153: 0424 0432 0381 0327 0270
D004444305: 0414 0277 0270
D030353268: 0415 0402 0355 0284 0270
D0904361: 0449 0431 0287 0388 0270
D0947935: 0400 0315 0303 0282 0269
D095312378: 0375 0320 0362 0340 0332 0431 0269
D059315575: 0408 0380 0268
D063247466: 0443 0360 0352 0290 0268
D0818457: 0410 0363 0386 0354 0268 0278 0333 0301 0399 0326
D0510424: 0394 0363 0268
D049744507: 0432 0333 0271 0268
D0980807: 0336 0324 0287 0376 0268
D063024326: 0407 0314 0268
D059315773: 0305 0380 0267
