D058905920: 0401 0281 0451 0179 0157
D022400093: 0434 0273 0235 0157
D098461639: 0382 0194 0157
D0991060: 0373 0462 0258 0276 0157
D002753317: 0380 0438 0344 0445 0289 0266 0233 0187 0465 0167 0157
D035716839: 0250 0365 0208 0157
D079391160: 0390 0231 0157
D026246031: 0436 0384 0323 0285 0222 0157
D0819066: 0448 0311 0157 0261 0217 0313 0293 0381 0196
D0551857: 0292 0259 0244 0311 0157
D088544762: 0433 0157 0431 0411 0337 0291
D036201945: 0331 0301 0269 0157
D0813531: 0345 0278 0188 0360 0162 0332 0157
D001724899: 0296 0247 0230 0226 0169 0157
D016025363: 0394 0239 0323 0277 0363 0178 0157
D034359464: 0391 0331 0284 0318 0233 0159 0157
D080530848: 0439 0354 0275 0157
D0805089: 0319 0421 0220 0221 0157
D046449337: 0459 0393 0297 0203
D037867836: 0442 0402 0212 0404 0171 0304 0157
D051308636: 0421 0223 0432 0195
D096225004: 0338 0392 0278 0444 0262 0157
D087325034: 0422 0288 0270 0361 0259 0182 0340 0246 0157
D041637593: 0407 0294 0233 0198 0313 0157
D070408058: 0339 0262 0229 0164 0253 0157
D0651806: 0353 0320 0350 0325 0235 0157
D076071416: 0441 0220 0173 0157
D054322431: 0448 0434 0398 0384 0186 0157
D0913521: 0341 0319 0199 0424 0402 0248 0162 0157
D062962124: 0363 0224 0173 0288 0157
D063929942: 0373 0258 0194 0181 0157
D053694300: 0461 0439 0157 0368 0297 0425 0281 0193
D040974811: 0417 0388 0308 0359 0244 0157
D074591411: 0400 0323 0338 0308 0157
D0690897: 0430 0241 0448 0407 0157
D024298650: 0411 0364 0289 0157
D053864420: 0460 0425 0388 0377 0354 0314 0405 0364 0244 0324 0156
D093056236: 0342 0200 0165 0366 0156
D0598458: 0399 0259 0161 0300 0156
D0979301: 0398 0348 0286 0290 0379 0170 0156
D065543702: 0320 0278 0156
D0725047: 0419 0414 0360 0302 0156
D059364597: 0345 0337 0454 0272 0240 0156
D087016536: 0329 0314 0222 0193 0156
D0940157: 0465 0377 0370 0285 0320 0243 0185 0172 0156
D080766629: 0413 0326 0451 0221 0156
D0595280: 0435 0156 0343 0168 0209 0280
D023002517: 0393 0452 0383 0333 0167 0156
D0685893: 0332 0323 0309 0352 0264 0243 0188 0156
D058266199: 0386 0383 0332 0321 0156
