D0543006: 0465 0410 0408 0406 0352 0196 0133 0138 0046
D0783297: 0239 0226 0088 0059 0210 0451 0046
D044810641: 0207 0288 0254 0107 0046
D0622080: 0239 0132 0098 0308 0438 0344 0318 0097
D083262531: 0386 0246 0113 0046
D040468600: 0413 0411 0404 0232 0426 0353 0447 0065
D0637169: 0238 0108 0046
D0836227: 0340 0319 0298 0046 0237 0083 0059
D0971881: 0404 0403 0399 0362 0126 0243 0225 0146 0086
D093293457: 0364 0308 0256 0090 0266 0011
D043517657: 0344 0270 0398 0264 0250 0156 0183 0158 0144 0208 0050
D062014021: 0314 0439 0364 0300 0046
D0779339: 0035 0288 0233 0225 0199 0176 0009
D0584987: 0388 0256 0032
D071778006: 0334 0311 0255 0371 0264 0233 0229 0210 0289 0068
D003887493: 0396 0313 0377 0359 0192 0059
D081867868: 0327 0151 0293 0018
D022154569: 0366 0323 0162 0335 0153 0035
D092491953: 0403 0400 0324 0348 0168 0046
D043823635: 0418 0416 0306 0241 0094 0186 0179 0068 0004
D0638508: 0454 0224 0412 0086 0046
D098377091: 0453 0316 0222 0276 0164 0079 0198 0337 0055 0046
D071544885: 0362 0293 0416 0235 0385 0164 0094 0418 0316 0091
D052104206: 0228 0180 0238 0151 0148
D0929045: 0104 0168 0007
D0719233: 0452 0390 0373 0365 0309 0324 0326 0222 0059
D0703962: 0416 0224 0140 0107 0095 0242 0039
D030304536: 0389 0100 0458 0451 0046
D0856511: 0423 0319 0297 0131 0087 0077 0210 0059 0046
D058382950: 0393 0333 0309 0292 0206 0154 0313 0046
D0626412: 0309 0216 0415 0065 0046
D072402832: 0376 0303 0190 0432 0134 0424 0111 0180 0105
D0515905: 0255 0188 0046
D012782642: 0337 0311 0282 0249 0087
D0638692: 0254 0072 0039 0331 0026
D079799911: 0427 0362 0251 0168 0017
D0670766: 0462 0386 0083 0046
D088786636: 0365 0358 0112 0181 0429 0125
D009205758: 0410 0267 0367 0356 0235 0089 0166 0393 0139 0236 0091 0212 0127
D046411129: 0374 0373 0324 0173 0107 0441 0098 0046
D043385300: 0461 0459 0432 0371 0249 0242 0136 0095 0080 0006
D045530869: 0454 0189 0327 0046 0302 0109
D0944527: 0463 0445 0437 0248 0142 0296 0192 0357 0007
D0891700: 0380 0450 0188 0175 0046 0149 0090
D0632008: 0372 0277 0270 0243 0109
