D030086913: 0339 0170 0281 0156
D051363093: 0364 0357 0351 0156 0343 0270 0201 0165
D079867214: 0442 0437 0425 0188 0388 0201 0296 0156
D0679714: 0447 0271 0210 0157 0156
D045716607: 0441 0391 0376 0172 0265 0156
D054488465: 0156 0296 0192 0417 0444 0298
D091035981: 0338 0351 0383 0286 0272 0246 0400 0156 0223 0198 0190 0233
D025745566: 0454 0430 0340 0314 0324 0315 0185 0180 0234 0156
D094037111: 0392 0378 0356 0156
D0746755: 0436 0378 0288 0329 0296 0160 0156
D0999386: 0326 0286 0230 0160 0156
D037610685: 0442 0321 0420 0414 0227 0208 0169
D072960707: 0372 0367 0156
D036194209: 0448 0387 0318 0229 0314 0161 0300 0443 0233 0156
D0546349: 0465 0190 0328 0172 0156
D0768665: 0441 0321 0443 0218 0351 0204 0336 0198 0156
D037207960: 0427 0313 0156
D0607708: 0266 0180 0381 0156
D0813172: 0436 0395 0313 0324 0156
D050565726: 0253 0416 0229 0156
D088509068: 0446 0290 0268 0394 0355 0156
D084006943: 0440 0393 0338 0156
D0702346: 0289 0278 0223
D069074158: 0447 0328 0423 0395 0213 0156
D0673886: 0177 0187 0217 0261 0195 0326 0156
D0642956: 0463 0275 0163 0442 0302 0156
D082955939: 0439 0429 0417 0319 0254 0176 0156
D0611851: 0465 0413 0391 0325 0206 0431 0269 0201 0162 0156
D056847987: 0434 0294 0230 0219 0161 0169 0156
D048608695: 0194 0192 0439 0318 0156
D0973575: 0459 0307 0415 0341 0202
D0616269: 0261 0247 0432 0312 0156
D024315999: 0348 0163 0405 0156
D074761012: 0453 0367 0156
D0502621: 0427 0411 0332 0276 0228 0225 0156
D020792091: 0446 0449 0307 0456 0278 0210 0158 0294 0156
D0670477: 0360 0359 0156
D0973280: 0375 0202 0420 0171 0156
D065178225: 0389 0202 0164 0366 0156
D081807192: 0451 0225 0312 0248 0240 0156
D088801339: 0338 0291 0373 0256 0241 0462 0190 0238 0222 0160 0156
D006701291: 0377 0283 0273 0206 0187 0156
D017026970: 0449 0367 0156
D047805002: 0378 0339 0439 0230 0303 0253 0208 0156
D031073516: 0390 0398 0233 0369 0191 0155
D0656912: 0400 0344 0298 0346 0233 0218 0155
D034707951: 0358 0383 0271 0218 0163
D086435697: 0399 0464 0331 0251 0155
D000192385: 0404 0348 0165 0161 0155
