D075017293: 0215 0207 0155
D049263510: 0411 0349 0347 0197 0343 0155 0164 0161
D038540868: 0315 0306 0179 0155
D032586831: 0327 0265 0244 0218 0155
D030984097: 0293 0211 0458 0207 0186 0155
D096476369: 0425 0364 0408 0321 0432 0228 0155
D0528711: 0379 0328 0260 0224 0205 0350 0339 0176 0155
D0952357: 0333 0159 0155
D0958066: 0419 0396 0350 0203 0155
D013682538: 0349 0264 0185 0155
D041576960: 0330 0182 0171 0169 0275 0158 0155
D0546185: 0377 0370 0161 0288 0155
D0924089: 0353 0259 0337 0239 0155
D0819410: 0380 0342 0274 0227 0155
D0939801: 0454 0343 0310 0183 0155
D001389135: 0370 0366 0360 0250 0155
D0984075: 0266 0375 0257 0240 0155
D070566130: 0275 0165 0155
D002143170: 0248 0165 0155
D081057900: 0411 0408 0311 0250 0258 0245
D092184350: 0361 0343 0448 0224 0287 0155
D032110920: 0458 0330 0431 0278 0332 0155
D075624521: 0449 0390 0358 0161 0289 0252 0155
D0609607: 0293 0286 0199 0337 0155
D011446347: 0419 0460 0319 0168 0239 0227 0155
D087629927: 0421 0267 0234 0313 0305 0155
D0657933: 0357 0176 0179 0162 0240 0236 0227 0155
D084852533: 0339 0393 0275 0407 0155
D0796981: 0234 0251 0208 0370 0160
D090515835: 0439 0269 0427 0397 0268 0176 0205 0171 0163 0155
D064980478: 0335 0306 0222 0218 0158
D0535822: 0318 0286 0381 0285 0340 0155 0229 0209 0160
D0624362: 0316 0171 0228 0250 0234 0201 0155
D0867043: 0427 0406 0428 0387 0342 0282 0155 0359 0183
D077367921: 0433 0322 0292 0458 0155
D094497847: 0264 0195 0194 0166 0155
D064760674: 0420 0272 0447 0237 0408 0155
D038646058: 0428 0343 0336 0425 0300 0362 0266 0215 0155
D0710056: 0438 0350 0327 0155 0257 0222 0219
D013395643: 0465 0391 0358 0156
D017077347: 0446 0417 0412 0326 0155
D072382943: 0418 0390 0400 0295 0250 0155 0154
D002793634: 0391 0322 0209 0458 0225 0154
D010838723: 0432 0427 0339 0328 0305 0312 0248 0443 0154
D065823293: 0391 0314 0154 0352 0263 0440 0226
D004901037: 0363 0248 0201 0342 0358 0202 0154
D0867211: 0448 0434 0331 0209 0435 0154 0374 0174
D080058847: 0411 0242 0329 0448 0307 0407 0154
D054399518: 0336 0302 0345 0180 0154
