D0821951: 0409 0401 0395 0330 0169 0424 0165 0184 0154
D0775598: 0448 0410 0349 0154 0383 0457 0319 0311
D073170792: 0375 0154 0266 0278 0261 0204
D071645742: 0413 0390 0429 0292 0154
D055615860: 0454 0370 0356 0327 0295 0216 0154
D0889108: 0379 0414 0299 0180 0154
D0929679: 0284 0368 0416 0393 0341 0300 0291 0316 0275 0187 0185 0154
D0898965: 0414 0287 0269 0181 0154
D095563190: 0322 0168 0154
D094492972: 0403 0340 0154
D0759008: 0462 0404 0370 0351 0154 0320 0170 0340
D0823411: 0253 0265 0221 0210 0199 0158 0378 0154
D068203207: 0464 0328 0241 0303 0326 0192 0259 0154
D0852609: 0258 0226 0255 0161 0351 0220 0263 0154
D0816837: 0432 0430 0296 0279 0409 0270 0323 0154
D002927657: 0373 0277 0258 0155 0223 0383 0154
D0753621: 0423 0267 0244 0238 0156 0257 0320 0304 0154
D031821858: 0439 0193 0399 0154
D015396242: 0451 0384 0334 0448 0232 0154
D077499660: 0389 0172 0161 0156 0154
D076260544: 0323 0321 0224 0154 0162 0156
D017135405: 0406 0240 0225 0154
D0860437: 0250 0390 0205 0454 0154
D080416227: 0258 0218 0212 0154
D0670791: 0354 0343 0250 0201 0219 0465 0317 0154
D063950670: 0403 0296 0154 0266 0199 0287 0155
D034380642: 0379 0200 0154
D0632923: 0359 0300 0246 0243 0199
D071945163: 0347 0346 0275 0154
D0710948: 0405 0444 0321 0315 0154 0288 0197 0192 0403 0297
D033030388: 0325 0254 0377 0226 0247 0219 0154
D059694892: 0446 0376 0268 0172 0343 0154
D001746327: 0436 0409 0451 0302 0284 0249 0431 0386 0208 0207 0154
D026384054: 0464 0438 0356 0325 0317 0309 0342 0358 0154
D0904948: 0330 0325 0319 0237 0302 0231 0153
D0942290: 0371 0255 0153 0231 0217 0204 0198
D0683075: 0345 0334 0209 0212 0199 0173 0153
D036191765: 0392 0205 0193 0214 0394 0153
D083358623: 0416 0356 0153 0282 0439 0316 0240 0257 0167
D001532586: 0350 0175 0296 0195 0344 0153
D004353676: 0249 0179 0153
D054288898: 0441 0307 0443 0153
D0926007: 0320 0309 0425 0253 0153
D0606728: 0402 0285 0231 0332 0153
D009713017: 0376 0334 0248 0153
D0736704: 0465 0420 0248 0235 0183 0384 0335 0230 0285 0153
D036799206: 0357 0406 0263 0153
