D0549934: 0436 0432 0173 0269 0153
D0768839: 0412 0348 0272 0374 0218 0163 0153
D0791572: 0374 0283 0266 0404 0367 0211 0393 0153
D071322483: 0262 0173 0200 0153
D093976190: 0410 0382 0334 0221 0153
D0747710: 0410 0181 0277 0405 0153 0364 0179
D006052539: 0420 0403 0317 0387 0183 0380 0230 0191 0160 0322 0155 0153
D039627209: 0458 0382 0323 0183 0357 0181 0163 0153
D0772921: 0465 0438 0431 0427 0273 0257 0254 0153
D070293760: 0249 0323 0229 0153
D030774278: 0462 0435 0190 0425 0153
D0578710: 0381 0211 0204 0190 0153
D018222869: 0461 0268 0235 0390 0301 0282 0153 0177 0185
D051601775: 0459 0249 0397 0314 0254 0153 0215 0453 0172 0218 0363 0321
D094443059: 0443 0377 0365 0166 0291 0321 0287 0327 0269 0153
D019853307: 0209 0203 0288 0279 0153
D0611577: 0396 0392 0300 0318 0292 0216 0248 0195 0153
D053083920: 0363 0278 0261 0153
D0834801: 0405 0400 0344 0284 0153
D092182288: 0362 0399 0177 0200 0153
D034907245: 0327 0324 0315 0271 0304 0153
D093378109: 0442 0428 0392 0450 0369 0353 0263 0205 0193 0181 0153
D072898031: 0444 0301 0202 0346 0153
D0972857: 0444 0300 0173 0253 0153
D0566747: 0382 0271 0388 0235 0361 0204 0433 0153
D080042792: 0370 0358 0295 0265 0223 0404 0163 0393 0153
D0588967: 0193 0447 0211 0190 0153
D047964945: 0375 0255 0216 0153 0177 0450 0444 0337
D0562747: 0336 0178 0153
D0902780: 0434 0387 0368 0339 0207 0337 0253 0153
D029132249: 0153 0393 0184 0302 0464 0169
D065208014: 0405 0264 0286 0223 0153
D0684135: 0375 0405 0362 0170 0153
D054023659: 0445 0434 0357 0305 0312 0209 0346 0153
D0869180: 0453 0156 0345 0157 0153
D043524686: 0412 0466 0153 0394 0159 0319 0184
D074601981: 0412 0432 0372 0358 0153 0177 0159 0291
D029806614: 0455 0170 0465 0168 0153
D065871898: 0412 0349 0367 0277 0234 0233 0172
D035993766: 0240 0348 0191 0408 0153
D099493790: 0461 0453 0444 0395 0343 0310 0390 0153 0301 0169
D045697975: 0412 0168 0281 0278 0279 0153
D0772043: 0355 0322 0166 0397 0153
D040387178: 0460 0255 0238 0152
D075809140: 0460 0195 0387 0300 0453 0152
D051197827: 0443 0281 0152
