D072913635: 0251 0152 0222 0337 0188 0165 0154
D017243490: 0384 0293 0287 0324 0193 0152
D049764499: 0385 0210 0208 0389 0161 0379 0152
D057646947: 0421 0346 0319 0220 0389 0152
D063670875: 0416 0386 0255 0233 0152
D096573389: 0459 0456 0280 0152
D073604334: 0420 0345 0323 0194 0297 0269 0199 0413 0328 0162 0243 0326 0152
D0732294: 0409 0246 0367 0211 0152
D087451382: 0424 0400 0217 0201 0292 0152
D0920862: 0281 0172 0454 0173 0158
D0538773: 0430 0406 0363 0301 0152
D025449396: 0317 0417 0253 0275 0260 0152
D045345722: 0403 0312 0152
D044724160: 0396 0276 0208 0198 0237 0215 0152
D0939700: 0340 0286 0379 0203 0200 0153 0236 0152
D055452168: 0341 0248 0169 0152
D008731913: 0390 0354 0206 0228 0152
D0780166: 0346 0335 0297 0194 0279 0152 0213 0211
D011887003: 0398 0386 0365 0269 0152
D052313004: 0464 0423 0236 0377 0281 0264 0152
D040602684: 0279 0463 0400 0211 0181 0152
D0983074: 0437 0389 0323 0455 0299 0329 0303 0247 0152
D0689133: 0277 0263 0361 0189 0152
D0980459: 0418 0383 0336 0301 0155 0408 0321 0356 0152
D076296116: 0396 0353 0221 0411 0152
D051057923: 0336 0304 0257 0183 0260 0152
D046831361: 0439 0385 0367 0153 0194 0456 0187 0237 0152
D098766840: 0378 0333 0399 0152 0310 0275
D013888022: 0410 0339 0320 0275 0417 0268 0152
D035448891: 0463 0440 0154 0264 0254 0343 0152
D0871944: 0463 0462 0442 0404 0459 0232 0152
D021944994: 0377 0196 0186 0169 0152
D071044316: 0426 0414 0350 0349 0327 0220 0249 0164 0152
D0742237: 0442 0396 0311 0272 0239 0208 0186 0284 0152
D0608630: 0460 0345 0344 0360 0341
D090693168: 0414 0416 0273 0181 0152
D084574176: 0438 0192 0452 0152
D025841572: 0287 0415 0383 0219 0282 0152
D011362456: 0302 0209 0294 0238 0222 0152
D0578596: 0393 0323 0431 0312 0189 0217 0250 0152 0156 0340 0155
D060182289: 0462 0363 0458 0267 0350 0212 0201 0334 0296 0152 0192 0243
D021034312: 0415 0455 0408 0305 0160 0152
D053190925: 0445 0152 0331 0336 0306 0429 0223
D0634624: 0449 0447 0435 0323 0256 0311 0172 0152
D0632090: 0280 0320 0152
D003944189: 0449 0435 0433 0401 0279 0384 0217 0152
