D038461217: 0280 0214 0126
D010214565: 0386 0245 0367 0055
D0659026: 0407 0280 0232 0096 0272 0041
D021896286: 0456 0437 0001 0206 0168 0180
D084199638: 0256 0115 0106 0336 0041
D051828264: 0195 0398 0189 0042 0175 0007 0032 0080
D054894266: 0451 0366 0301 0157 0198 0042 0009
D0964355: 0358 0346 0311 0395 0296 0285 0046 0340 0248 0041
D0691682: 0371 0353 0230 0301 0177 0120 0317 0270 0063
D0954347: 0448 0397 0256 0276 0208 0114 0041
D0930832: 0319 0440 0243 0042
D0876635: 0395 0222 0179 0133 0141 0120 0013 0426 0009
D0844835: 0337 0434 0134 0121 0342 0123 0120 0439 0041
D0842933: 0260 0350 0191 0185 0424 0098 0094 0109 0041
D063626193: 0443 0187 0429 0188 0190 0043
D065356036: 0433 0282 0222 0134 0132 0344 0097 0041
D074520336: 0401 0394 0293 0210 0257 0116 0106 0041
D061389502: 0041 0230 0159 0248 0142 0085
D054999640: 0419 0404 0440 0384 0355 0373 0318 0097 0179 0392 0058
D061984998: 0424 0191 0041 0081 0364 0109
D0871632: 0409 0453 0382 0225 0393 0182 0074 0041
D055207911: 0451 0136 0183 0124 0114 0454 0062
D078382657: 0319 0300 0098 0085 0235 0449 0224 0240 0041
D0697574: 0438 0401 0341 0377 0255 0359 0089 0216 0338 0149
D0689017: 0463 0334 0121 0045 0031
D0922981: 0464 0378 0115 0210 0119 0407 0373 0188 0041
D0548972: 0384 0313 0265 0204 0349 0158 0332 0155 0026 0107 0124 0025
D0502261: 0382 0114 0322 0240 0041
D056942750: 0363 0436 0404 0458 0225 0003
D0923847: 0426 0407 0262 0294 0041
D0949258: 0415 0395 0355 0333 0270
D0768750: 0339 0135 0093
D005357215: 0236 0166 0455 0069 0041
D025762440: 0460 0398 0126 0284 0080
D078299689: 0428 0375 0339 0374 0185 0111 0041
D064407616: 0348 0300 0213 0221 0130 0059
D0702963: 0383 0265 0341 0225 0159
D087484663: 0463 0312 0282 0237 0437 0346 0072
D0607669: 0448 0405 0374 0408 0188 0337 0386 0059
D0650697: 0114 0405 0111 0063 0034
D046975133: 0189 0441 0184 0366 0289 0041
D025392876: 0389 0373 0417 0223 0143 0390 0107 0075
D015247988: 0250 0217 0195 0287 0072
D092643505: 0395 0346 0256 0170 0052
D0813345: 0459 0149 0246 0137 0136 0035 0409 0011
