D0753733: 0427 0410 0041 0242 0215 0330 0295 0151 0195
D020917135: 0415 0341 0363 0211 0128 0205 0041
D021570513: 0413 0245 0137 0076 0080 0149 0033 0016 0003
D070770698: 0091 0109 0041
D050402236: 0456 0356 0320 0372 0256 0241 0419 0193 0030 0112 0016 0104
D079520508: 0444 0374 0222 0187 0065
D086228763: 0452 0318 0192 0151 0172 0119
D0725620: 0430 0403 0064 0136 0041
D045730023: 0367 0439 0077 0303 0164 0143
D016476868: 0327 0440 0380 0069 0136 0237 0401 0393 0075
D0672458: 0457 0446 0229 0263 0077
D0585380: 0398 0457 0311 0118 0056
D0797787: 0406 0236 0297 0229 0098 0019
D050342365: 0393 0407 0298 0388 0184 0077 0041
D093548618: 0451 0416 0225 0120
D035848417: 0363 0247 0115 0360 0064 0041
D058517840: 0420 0146 0093 0344 0318 0240 0041
D086065436: 0320 0392 0297 0155 0220 0047 0112 0384 0236 0041
D0673774: 0400 0282 0041 0226 0459 0088 0363
D087397130: 0309 0382 0451 0259 0425 0078
D0718870: 0415 0236 0170 0136 0074
D027715802: 0311 0160 0363 0041
D0887389: 0231 0219 0187 0131 0371 0099 0089 0021 0002
D0975776: 0366 0346 0328 0456 0278 0267 0193 0087 0041
D0721148: 0457 0308 0275 0056 0173 0047 0378 0015
D0605413: 0401 0171 0214 0143 0058
D040320915: 0385 0350 0337 0138 0126 0100
D0807934: 0464 0409 0398 0331 0108 0107 0171 0041
D008104342: 0443 0432 0336 0322 0191 0056 0393 0047 0149 0236 0041
D034728369: 0339 0305 0223 0100 0175 0156 0421 0118 0328 0182
D052278396: 0447 0238 0312 0214 0188 0143 0152 0070 0041
D081839070: 0210 0124 0064 0041
D0808996: 0434 0354 0384 0255 0234 0123 0086 0014
D0600331: 0378 0298 0169 0361 0161 0331 0160 0133 0053
D055081849: 0059 0189 0422 0411 0334 0139 0084 0462 0244 0123 0190 0041
D0687120: 0208 0104 0222 0161 0059
D074687237: 0450 0440 0379 0320 0148
D041956687: 0276 0264 0238 0187 0094 0059
D039318893: 0368 0159 0059 0347 0041
D0603801: 0455 0225 0091 0303 0030
D076672583: 0451 0441 0292 0433 0108 0249 0243 0140 0135 0333 0067 0147 0041
D012493449: 0453 0446 0173 0135
D070993608: 0441 0379 0356 0400 0435 0202 0045
