D005479351: 0360 0424 0206 0186 0237 0152
D0945952: 0413 0385 0311 0286 0152
D0763819: 0423 0353 0269 0219 0152
D034505106: 0351 0174 0411 0152
D037837778: 0362 0177 0395 0152 0183 0441 0391 0166
D059405894: 0367 0336 0411 0152
D0527611: 0465 0328 0152
D002574004: 0438 0412 0234 0216 0170 0295 0151
D0796229: 0393 0366 0256 0201 0159 0238 0354 0151
D0587732: 0420 0344 0324 0183 0265 0169 0151
D0808964: 0372 0339 0239 0151 0186 0195 0169
D031923149: 0405 0393 0151
D002584508: 0406 0169 0271 0182 0151
D0864743: 0379 0298 0341 0262 0151
D0684563: 0423 0373 0340 0436 0151
D0753369: 0460 0390 0151 0172 0327 0290 0439 0236
D0989813: 0432 0256 0211 0307 0151
D036471652: 0401 0399 0409 0350 0319 0151
D030303942: 0241 0396 0212 0464 0151
D054859937: 0453 0301 0427 0237 0402 0204
D0560232: 0297 0204 0424 0295 0151
D0794807: 0446 0344 0336 0251 0285 0348 0212
D0833108: 0285 0249 0180 0213 0199 0431 0330 0172 0151
D072407998: 0298 0281 0380 0236 0154 0151
D096032640: 0429 0349 0221 0151 0204 0196
D092651135: 0406 0322 0273 0444 0235 0334 0192 0197 0167 0151
D040347691: 0442 0425 0151 0208 0400 0396 0329
D042420767: 0454 0447 0398 0151
D0817510: 0419 0361 0151 0354 0177 0170 0191
D0765605: 0464 0456 0151 0269 0233 0192
D005770632: 0416 0405 0317 0315 0441 0291 0151 0208 0389 0219
D0658804: 0452 0378 0362 0351 0269 0151 0261 0236 0199 0169
D0522252: 0332 0403 0278 0158 0183 0386 0151
D064516868: 0381 0353 0193 0185 0237 0175 0151
D078533943: 0410 0390 0151 0251 0427 0187 0383 0178
D0539508: 0391 0297 0239 0164 0151
D0938990: 0451 0365 0281 0215 0174 0266 0457 0238 0327 0151
D0710204: 0462 0439 0418 0402 0317 0334 0267 0280 0151
D0907855: 0343 0275 0151
D0983178: 0400 0241 0314 0280 0151
D0733397: 0459 0399 0362 0207 0151
D0785588: 0417 0373 0326 0193 0181 0166 0400 0151
D023579873: 0416 0328 0186 0441 0151
D019822327: 0449 0402 0412 0316 0151 0208 0261 0256 0232
D0815681: 0394 0233 0255 0174 0368 0151 0157 0183
D092861633: 0456 0328 0151 0327 0294 0292 0260
