D0893346: 0439 0409 0348 0274 0362 0266 0384 0182 0227 0174 0341 0194 0151
D072882993: 0375 0343 0355 0327 0151
D056005387: 0372 0318 0297 0463 0151 0204 0156 0255
D0811561: 0460 0307 0151
D0582339: 0208 0189 0159 0280 0151
D0679663: 0254 0363 0240 0249 0151
D061016071: 0275 0224 0238 0151
D020563707: 0448 0445 0302 0179 0229 0158 0399 0183 0151
D0837993: 0460 0306 0294 0257 0463 0186 0151
D0949893: 0378 0352 0344 0324 0281 0234 0210 0151
D0994282: 0188 0156 0311 0253 0150
D058266328: 0433 0384 0303 0392 0278 0150
D026937632: 0284 0167 0450 0408 0304 0457 0150
D0718497: 0391 0269 0208 0150
D074623563: 0348 0308 0195 0405 0194 0182 0150
D046411150: 0443 0398 0285
D081372676: 0363 0297 0209 0150
D022244758: 0418 0198 0251 0150
D064189482: 0329 0318 0370 0200 0302 0453 0218 0196 0150
D027414316: 0423 0161 0251 0157 0150
D0944284: 0449 0400 0368 0209 0150
D0589237: 0465 0406 0307 0256 0335 0253 0150
D077615893: 0366 0166 0150
D015610690: 0407 0385 0366 0296 0356 0403 0150 0187 0305
D0711046: 0425 0312 0235 0359 0206 0346 0150
D027419670: 0420 0312 0219 0150 0169 0254 0439 0227
D009858626: 0341 0247 0150
D048418379: 0466 0462 0368 0327 0171 0150
D065841969: 0420 0419 0404 0257 0332 0155 0427 0150
D024117746: 0375 0237 0222 0150
D0785727: 0450 0375 0196 0189 0217 0150 0169 0201
D024699020: 0166 0391 0414 0270 0295 0150
D036012572: 0355 0352 0258 0238 0150
D063558135: 0444 0333 0438 0150
D076036439: 0437 0428 0433 0342 0328 0241 0298 0267 0171 0150
D092862388: 0454 0321 0235 0156 0155 0150
D030003620: 0297 0211 0182 0186 0150
D0978082: 0438 0345 0150
D070178913: 0430 0298 0218 0150
D044794798: 0400 0275 0264 0263 0199 0201 0180 0150
D016712867: 0281 0272 0152 0269 0150
D0758580: 0268 0446 0373 0211 0150
D047569218: 0426 0192 0177 0313 0346 0304 0150
D0685414: 0428 0415 0255 0384 0322 0417 0150
D0793055: 0274 0207 0204 0425 0150
D092627901: 0426 0278 0334 0248 0150
D014994722: 0414 0409 0446 0318 0184 0163 0150
D0578255: 0395 0347 0231 0457 0150
D005586097: 0415 0393 0321 0295 0291
