D048121453: 0411 0173 0160 0351 0186 0172 0464 0150
D0633053: 0411 0202 0164 0335 0150
D043470150: 0409 0394 0443 0150
D063214000: 0335 0309 0248 0295 0222 0403 0150
D066354918: 0188 0160 0150
D098921577: 0445 0434 0261 0206 0160 0279 0150
D057350974: 0215 0416 0204 0156 0150
D015499219: 0373 0344 0285 0316 0200 0150
D071758169: 0432 0275 0387 0222 0150
D0881230: 0448 0438 0288 0222 0217
D0776528: 0343 0338 0302 0292 0257 0417 0150
D0648591: 0462 0444 0237 0229 0150
D000961639: 0421 0396 0463 0266 0150
D031005678: 0385 0276 0150
D092409941: 0384 0320 0325 0306 0220 0427 0150
D011760191: 0454 0438 0436 0387 0384 0355 0150
D036015382: 0426 0255 0454 0339 0211 0385 0149
D0971757: 0327 0461 0325 0277 0194 0429 0170 0306 0149
D067041770: 0236 0203 0149
D0703786: 0460 0440 0417 0149
D009144569: 0192 0384 0149
D050845903: 0449 0431 0417 0149
D0659059: 0388 0424 0385 0241 0149 0201 0172 0154 0231
D073400820: 0400 0387 0304 0276 0199 0149
D049464467: 0373 0325 0304 0284 0278 0228 0447 0149
D0572707: 0462 0431 0345 0306 0149
D034917329: 0409 0302 0149
D042644798: 0285 0404 0149
D098377466: 0269 0185 0182 0217 0149
D089568743: 0465 0448 0173 0149
D026478593: 0461 0226 0401 0376 0315 0332 0248 0149 0237 0214 0331 0160
D0724592: 0411 0306 0376 0443 0383 0284 0149
D0634561: 0461 0274 0247 0360 0243 0218 0240 0171 0149
D0526662: 0454 0232 0298 0437 0233 0156 0149
D039621030: 0317 0282 0306 0149
D044662820: 0423 0403 0462 0303 0186 0312 0336 0205 0149
D0893595: 0374 0211 0149
D065500767: 0403 0236 0320 0218 0365 0155 0164 0308 0185 0149
D080939436: 0319 0239 0204 0149
D0970903: 0461 0457 0354 0341 0328 0309 0207
D0669567: 0426 0301 0292 0215 0251 0214 0201 0149
D0564550: 0375 0367 0440 0353 0246 0288 0283 0244 0192 0149
D0837793: 0452 0455 0321 0171 0205 0228 0252 0149
D041954003: 0443 0399 0433 0394 0357 0291 0149 0259 0350
D0817725: 0411 0339 0238 0356 0149
D030045293: 0415 0337 0296 0149
D0830057: 0405 0392 0258 0222 0387 0172 0233 0207 0149
D0817786: 0395 0392 0372 0362 0337 0256 0370 0149 0293 0158
