D092634893: 0424 0351 0330 0294 0282 0039 0077 0199 0135
D058339992: 0295 0170 0239 0121 0445 0120 0436 0211 0039
D0675978: 0352 0332 0088
D0730530: 0247 0153 0293 0273 0039
D0695739: 0452 0259 0244 0160 0054
D064175232: 0402 0343 0040
D0918956: 0236 0160 0039
D034648834: 0399 0294 0232 0039 0275 0194 0137 0207 0114 0413 0116 0175 0042
D0904691: 0407 0292 0181 0059 0039
D0977531: 0355 0255 0290 0126 0081
D054120174: 0356 0345 0302 0295 0214 0309 0236 0307 0112 0267 0097 0095 0039
D0529135: 0219 0174 0312 0061 0039
D0755798: 0430 0347 0114 0162 0319 0411 0106
D066699477: 0455 0388 0441 0452 0424 0427 0169 0123 0213 0049 0207 0093 0039
D0815783: 0352 0460 0278 0364 0231 0200 0069 0039
D0544850: 0450 0044 0413 0357 0225 0122
D0532487: 0337 0245 0224 0269 0094 0220 0180
D067097692: 0433 0423 0408 0338 0336 0072 0167 0426 0039
D0738045: 0369 0317 0059 0078 0039 0077 0073
D0559184: 0329 0261 0179 0430 0039
D042003731: 0400 0314 0108 0320 0061 0173 0009 0002
D077152152: 0454 0389 0251 0211 0058 0125 0135 0100 0085 0230 0039
D0650651: 0436 0157 0226 0057 0055
D014819056: 0414 0144 0073
D044321871: 0460 0407 0366 0249 0454 0121 0352 0039
D090037672: 0335 0212 0243 0399 0152 0231 0111
D091642967: 0283 0075 0057 0398 0039
D007638152: 0307 0274 0304 0124 0058 0223 0204 0081
D086581295: 0465 0397 0328 0386 0258 0458 0243 0039
D004122258: 0457 0424 0423 0338 0304 0320 0075
D087101584: 0369 0155 0219 0106 0202 0039
D0733182: 0399 0450 0262 0297 0203 0125 0247 0074 0330 0003
D042577942: 0269 0426 0380 0174 0119 0111 0043
D0626980: 0384 0266 0343 0342 0039
D0595972: 0303 0386 0094 0210 0460 0379 0218
D0518493: 0385 0367 0326 0314 0039 0136 0287 0050 0177
D0994877: 0437 0285 0261 0134 0169 0097 0116 0039
D020454869: 0320 0228 0293 0177 0305 0038
D017778442: 0399 0350 0318 0312 0280 0099
D0565059: 0148 0099 0391 0382 0039
D045842597: 0434 0108 0165 0106
D054035287: 0319 0284 0270 0084 0019
D009208056: 0465 0182 0039
D0835803: 0399 0306 0068 0438 0023
D048804011: 0301 0234 0140 0428 0439 0039
