D073341161: 0423 0315 0346 0227 0399 0160 0149
D014730030: 0303 0288 0149
D039307149: 0374 0228 0215 0152 0149
D0924329: 0428 0208 0183 0302 0149
D096141137: 0381 0364 0228 0186 0227 0213 0440 0382 0337 0211 0149 0201 0169
D067009329: 0455 0251 0410 0226 0149
D0781613: 0446 0333 0331 0218 0149
D077768209: 0399 0357 0439 0271 0155 0149
D064568003: 0419 0286 0149
D097670926: 0350 0379 0278 0275 0154 0347 0178 0151 0370 0149
D0987918: 0434 0346 0175 0177 0460 0159 0149
D068485887: 0446 0322 0319 0282 0258 0149 0200 0371 0263
D0535209: 0446 0458 0410 0375 0318 0403 0160 0252 0180 0156 0154 0171 0149
D057166896: 0343 0277 0222 0298 0149
D0826880: 0283 0461 0214 0149
D020481537: 0445 0356 0149
D070710328: 0411 0319 0405 0416 0363 0322 0149
D028760672: 0317 0291 0384 0149
D092697416: 0432 0164 0365 0242 0215 0149
D055609258: 0452 0447 0425 0193 0149
D0914975: 0458 0385 0356 0298 0149
D014394331: 0271 0420 0149
D036341672: 0439 0291 0202 0307 0224 0198 0177 0375 0176 0149
D070772555: 0436 0214 0149
D043514755: 0422 0226 0384 0327 0149
D0632538: 0313 0324 0149
D0531010: 0277 0222 0204 0203 0149
D0877020: 0408 0221 0214 0300 0162 0370 0149
D028665779: 0429 0351 0302 0252
D063518269: 0377 0375 0373 0203 0319 0282 0148
D0721698: 0244 0324 0169
D082195564: 0319 0266 0406 0291 0148 0255 0455 0387 0220 0209 0210 0411 0349
D061859432: 0340 0332 0164 0447 0161 0308 0148
D015394606: 0375 0329 0395 0160 0398 0233 0148
D003685372: 0414 0372 0337 0328 0153 0148
D036873050: 0303 0292 0432 0148
D0901303: 0318 0240 0187
D056290776: 0354 0268 0148
D0915177: 0430 0413 0355 0220 0300 0379 0187 0149 0148
D094645910: 0222 0150 0223 0190 0288 0148
D007283598: 0427 0247 0244 0176 0148
D014547102: 0386 0226 0409 0364 0148
D048395878: 0462 0346 0335 0306 0148
D0876278: 0357 0258 0161 0300 0148
D052405020: 0451 0423 0331 0284 0384 0148
D059089599: 0418 0306 0148
D014925634: 0402 0337 0282 0190 0271 0223 0148
D0511706: 0404 0342 0317 0418 0303 0238 0398 0148
D064271088: 0446 0167 0318 0148
D087456103: 0348 0334 0379 0333 0313 0400 0261 0327 0148
