D081997091: 0413 0320 0327 0308 0267
D038121647: 0342 0356 0334 0414 0272 0267
D0686807: 0369 0276 0273 0272 0267
D045864346: 0268 0319 0273 0394 0408 0267
D086058872: 0457 0375 0331 0329 0267
D0697422: 0462 0450 0447 0411 0267
D071578057: 0394 0367 0284 0440 0275 0355 0312 0267
D0641324: 0436 0298 0267
D042599548: 0267 0347 0407 0428 0286 0364
D063295450: 0382 0370 0321 0267
D0848854: 0424 0392 0390 0384 0376 0330 0338 0370 0277 0267
D0629277: 0384 0288 0286 0266
D060161529: 0316 0308 0343 0297 0266
D000807425: 0427 0408 0267 0266
D018273830: 0409 0402 0382 0359 0266
D0747143: 0433 0389 0391 0266 0382 0440 0426
D040152318: 0384 0380 0339 0312 0302 0301 0266
D084654670: 0398 0462 0436 0266
D097992738: 0427 0363 0266
D040308050: 0397 0322 0383 0296 0266
D0867259: 0429 0414 0407 0269 0265
D057832524: 0436 0452 0371 0320 0313 0265
D042890522: 0339 0269 0298 0265
D011068150: 0297 0372 0324 0294 0450 0267 0265
D050747184: 0348 0358 0323 0265
D095260518: 0426 0350 0302 0300 0265
D0713900: 0445 0411 0365 0364 0265
D055886598: 0392 0269 0265
D074945511: 0388 0266 0437 0265
D0692869: 0459 0340 0286 0432 0264
D0814759: 0418 0370 0357 0319 0296 0347 0312 0453 0264
D096719404: 0397 0449 0395 0391 0264
D038930577: 0396 0368 0292 0264
D059206156: 0414 0295 0273 0381 0264
D065278864: 0448 0327 0264
D024059022: 0382 0296 0264
D040955339: 0460 0457 0425 0338 0264
D005857395: 0391 0371 0394 0362 0264
D069243509: 0378 0360 0263
D0960373: 0448 0360 0286 0265 0263
D025526493: 0413 0317 0263
D0534717: 0376 0352 0263
D0905796: 0348 0295 0289 0267 0263
D088139395: 0445 0278 0324 0267 0263
D031011938: 0423 0305 0263
D090799594: 0413 0305 0262
D0665409: 0427 0409 0356 0271 0340 0438 0436 0262
D007340000: 0384 0359 0351 0262
D086474764: 0429 0386 0409 0300 0262
D032760644: 0381 0399 0382 0262
D0760395: 0463 0410 0408 0395 0262
D007751325: 0418 0403 0393 0389 0261
D047449282: 0311 0449 0262 0261
D063386462: 0370 0345 0332 0305 0261
D0977132: 0419 0422 0297 0453 0263 0275 0431 0261
D019577647: 0460 0377 0366 0261
D062197106: 0398 0391 0261
