D0869560: 0269 0237 0220 0404 0148
D076404047: 0249 0366 0148
D002467115: 0426 0379 0367 0299 0293 0259 0151 0148
D0545857: 0403 0307 0303 0289 0157 0261 0225 0179 0148
D053920393: 0418 0409 0354 0378 0148 0288 0192 0149
D0853995: 0400 0276 0424 0164 0148
D064369242: 0465 0227 0223 0211 0362 0148
D039150868: 0414 0162 0148
D0922790: 0433 0422 0421 0315 0148
D0970383: 0305 0213 0206 0390 0148
D019671857: 0464 0411 0317 0305 0173 0385 0415 0148
D0700852: 0414 0271 0327 0267 0148
D0878509: 0434 0395 0342 0149 0148
D0968658: 0389 0351 0217 0297 0355 0227 0209 0148
D0625160: 0315 0297 0246 0201 0188 0240 0148
D0983420: 0200 0283 0182 0224 0148
D005775514: 0428 0284 0180 0343 0159 0148
D026743608: 0427 0392 0148 0383 0409 0327
D0580963: 0339 0233 0148
D0673808: 0373 0328 0148
D058324646: 0451 0385 0228 0222 0167 0235 0398 0148
D079600569: 0288 0160 0396 0158 0148
D0627417: 0441 0332 0328 0200 0382 0207 0147
D0545016: 0438 0257 0161 0322 0147
D012868506: 0329 0213 0147
D073152279: 0458 0377 0147
D0926720: 0397 0324 0306 0147 0275 0269 0374 0189 0248
D070051339: 0436 0431 0295 0211 0147
D0606499: 0403 0438 0373 0282 0286 0261 0316 0147 0236 0307 0185
D037914943: 0434 0149 0147
D0870546: 0357 0459 0304 0437 0147
D0516038: 0461 0381 0374 0358 0237 0238 0191 0147
D072289587: 0408 0340 0270 0279 0153 0147 0240 0345 0149
D061906334: 0243 0202 0176 0165 0149 0426 0147
D0867264: 0459 0441 0323 0180 0258 0261 0243 0147
D093481373: 0423 0421 0239 0345 0289 0200 0213 0177 0147
D013681708: 0213 0196 0214 0155 0147
D0848088: 0269 0228 0147
D0563570: 0363 0280 0278 0265 0147 0242 0148 0179 0425 0420 0176
D073818397: 0420 0346 0333
D0678847: 0315 0200 0178 0207 0147
D022230584: 0436 0422 0421 0439 0385 0375 0406 0243 0311 0188 0147 0190 0173
D066746843: 0399 0331 0231 0147
D0644719: 0232 0165 0312 0248 0147
D040665009: 0460 0403 0152 0147
D036312153: 0410 0374 0354 0147
D091580443: 0428 0299 0147 0158 0405 0248
D084501714: 0382 0342 0205 0369 0168
D005620371: 0442 0324 0263 0147
D068306533: 0167 0187 0147
