D0629785: 0347 0322 0267 0211 0051
D0768084: 0371 0222 0192 0310 0103
D071031460: 0457 0047 0244 0192 0443 0099 0092
D0958068: 0308 0252 0122 0078 0006
D0815538: 0448 0440 0059 0220 0009
D009935914: 0228 0187 0312 0133 0227 0288 0092 0037
D0858314: 0320 0353 0285 0162 0002
D028704577: 0417 0062 0101 0431 0286 0094 0119 0019
D088200477: 0345 0329 0332 0322 0291 0268 0273 0031
D0986690: 0126 0106 0343 0222 0042 0379 0105 0037
D023591776: 0355 0283 0211 0448 0461 0037
D062605298: 0376 0196 0239 0140
D080948759: 0432 0417 0403 0400 0043
D029004393: 0286 0170 0302 0087 0001
D080637950: 0321 0211 0151 0142 0171 0266 0061
D0811430: 0454 0195 0221 0092 0037
D089839249: 0457 0414 0012
D081775279: 0415 0037 0385 0327 0176 0221
D035572596: 0438 0414 0208 0150
D098497362: 0455 0395 0377 0204 0144 0120 0167 0458 0082 0397 0034
D0502601: 0370 0231 0201 0172 0103
D006221089: 0087 0174 0078 0037
D0778483: 0446 0410 0353 0213 0139 0120 0114 0421 0096 0164 0037
D079480826: 0447 0302 0218 0143 0056 0316 0023
D021880179: 0448 0212 0068 0128 0124 0072 0037
D018225747: 0412 0394 0123 0069
D0985219: 0429 0170 0061 0372 0046
D059456353: 0329 0461 0325 0298 0141 0139 0434 0060 0134 0378 0061
D088975627: 0448 0182 0197 0152 0040 0046 0276 0037
D0685853: 0423 0399 0356 0156 0117 0115
D0829506: 0164 0394 0073
D084736659: 0406 0351 0256 0318 0203 0037
D059933106: 0213 0209 0384 0174 0104 0072 0037
D001261691: 0440 0306 0148 0310 0284 0133 0115 0037
D013143657: 0435 0237 0190 0292 0211 0227 0162 0148 0093 0026 0133 0106
D0546670: 0365 0455 0188 0286 0138 0042 0135 0320 0082
D045355653: 0446 0290 0210 0105 0037
D0857362: 0466 0436 0070 0372 0267 0248 0320 0148 0399 0343 0049 0091 0038
D0775196: 0416 0083 0245 0437 0126 0396 0047
D0504985: 0331 0381 0044 0196 0438 0318 0311 0037
D0526468: 0377 0349 0311 0196 0182 0132 0248 0112
D0949741: 0310 0263 0087 0256 0076 0062 0037
D051600877: 0442 0274 0220 0037
D068856014: 0284 0199 0429 0278 0053
D011378495: 0411 0378 0438 0337 0332 0155 0150 0163 0134 0133 0004
