D0624570: 0303 0147 0242 0166 0248 0309 0181
D054803312: 0404 0310 0216 0189 0350 0147
D039245434: 0380 0354 0397 0374 0337
D0795240: 0314 0209 0289 0147
D034754122: 0400 0375 0277 0169 0147
D093916493: 0406 0394 0440 0377 0372 0172 0210 0295 0322 0217
D053466310: 0435 0356 0324 0149 0147
D0788522: 0424 0371 0147
D049351903: 0244 0163 0228 0186 0187 0147
D068560676: 0462 0440 0368 0147
D045557828: 0386 0271 0147
D064431390: 0353 0332 0147
D019450513: 0331 0315 0290 0147
D046867179: 0243 0272 0147
D041558409: 0361 0226 0178 0147
D019727554: 0375 0267 0370 0180 0192 0184
D072420942: 0457 0261 0262 0212 0147
D0625309: 0361 0401 0301 0257 0260 0213 0372 0185 0252 0147
D073887225: 0299 0153 0347 0147
D011656548: 0462 0440 0216 0210 0147
D0856826: 0429 0437 0358 0197 0380 0147
D0747999: 0436 0373 0147
D0734498: 0400 0277 0147 0236 0223 0461 0166 0352 0162
D0555548: 0413 0276 0285 0176 0147
D0987964: 0221 0201 0344 0267 0452 0233 0147
D099714840: 0371 0354 0347 0215 0182 0252 0147
D063869149: 0387 0216 0147
D025574425: 0319 0385 0254 0239 0355 0147
D0541653: 0423 0315 0308 0258 0222 0146 0212 0176 0173
D093595421: 0207 0175 0206 0146
D088654157: 0448 0390 0240 0329 0435 0264 0263 0146
D0774935: 0365 0326 0416 0391 0146
D013292003: 0411 0346 0415 0146
D002209913: 0283 0151 0146
D045719783: 0431 0357 0336 0461 0155 0146
D094914504: 0374 0345 0344 0380 0335 0327 0269 0163 0390 0177 0146
D0954448: 0316 0218 0164 0434 0146
D0726419: 0403 0147 0380 0227 0201 0420 0146
D0644504: 0421 0215 0157 0371 0189 0349 0339 0176 0146
D0956140: 0254 0215 0294 0187 0146
D0788057: 0319 0315 0264 0256 0237 0441 0155 0146
D093414524: 0439 0334 0361 0184 0146
D007347863: 0356 0194 0150 0184 0375 0146
D041401439: 0357 0348 0272 0371 0146
D002963877: 0326 0208 0155 0146
D0647958: 0404 0382 0310 0292 0390 0280 0327 0286 0146
D0671204: 0391 0328 0280 0363 0321 0338 0237 0146
D0762248: 0272 0205 0274 0161 0146
D028822004: 0444 0384 0429 0333 0194 0164 0146
D033149165: 0341 0199 0321 0261 0293 0146
D0735537: 0382 0189 0266 0183 0293 0409 0146
