D002677408: 0364 0261 0216 0146
D0666343: 0447 0290 0333 0238 0434 0146
D0704806: 0459 0347 0282 0183 0161 0349 0146
D092434882: 0450 0258 0230 0146
D0545339: 0412 0365 0345 0327 0146
D006453350: 0440 0367 0343 0290 0243 0333 0219 0146
D0731912: 0404 0378 0370 0194 0299 0157 0146
D078447721: 0372 0371 0387 0312 0282 0200 0165 0167 0146
D0641470: 0333 0353 0146
D037083274: 0362 0347 0322 0250 0342 0146
D032417562: 0402 0439 0335 0282 0301 0288 0309 0317 0146
D083209819: 0335 0326 0340 0325 0267 0198 0425 0146
D061429789: 0404 0290 0363 0231 0400 0146
D033629193: 0241 0329 0191
D033933764: 0427 0385 0346 0305 0182 0160 0146
D0734937: 0447 0378 0370 0238
D0685913: 0458 0380 0370 0211 0235 0328 0395 0197 0146
D043522637: 0239 0461 0465 0452 0153 0182 0351 0293 0256 0183 0190 0146
D014339615: 0448 0441 0322 0382 0146
D093653442: 0460 0174 0395 0146
D068330408: 0431 0333 0311 0374 0352 0266 0260 0146 0209 0184
D043501830: 0376 0240 0186 0421 0146
D026436258: 0462 0307 0200 0262 0146
D0906063: 0330 0267 0158 0146
D003868706: 0410 0178 0398 0273 0146
D0560154: 0378 0362 0352 0146 0281 0175 0291 0390 0153
D068287108: 0320 0282 0237
D059271352: 0313 0436 0329 0271 0146
D059031413: 0450 0253 0343 0146
D086513388: 0403 0302 0343 0175 0437 0288 0283 0266 0178 0168 0146
D0984058: 0456 0335 0232 0416 0146
D088768625: 0442 0200 0146
D0817910: 0417 0393 0370 0146 0272 0448 0315
D0906427: 0270 0237 0448 0232 0146
D0560758: 0466 0281 0251 0170 0146
D0818431: 0381 0355 0223 0189 0145
D030891791: 0408 0396 0145
D043889846: 0273 0200 0145
D0527171: 0464 0390 0250 0221 0414 0212 0145
D0627193: 0335 0370 0219 0310 0145
D0866185: 0450 0420 0267 0240 0145
D0619010: 0394 0390 0374 0453 0145
D0603194: 0426 0408 0182 0145 0281 0432 0171
D048102285: 0424 0248 0176 0145
D012730384: 0430 0363 0157 0152 0145
D060621290: 0301 0269 0240 0242 0163 0215 0420 0145
D025151282: 0364 0217 0408 0214 0145
D0946448: 0333 0280 0378 0190 0145
D067496143: 0307 0203 0145
D0873410: 0267 0179 0174 0145
D088564319: 0396 0321 0302 0295 0223 0197 0145
