D014636165: 0269 0193 0266 0166 0145
D090719004: 0451 0386 0310 0187 0454 0145 0239 0324 0185 0182
D058509104: 0199 0188 0226 0145
D004162827: 0258 0213 0221 0229 0184 0145
D0532526: 0452 0448 0341 0145 0146 0281 0169 0204
D035795629: 0390 0186 0260 0243 0218 0145
D086441919: 0335 0321 0318 0351 0305 0222 0145
D0850771: 0456 0441 0345 0331 0145 0410 0321
D0944547: 0370 0336 0369 0420 0145 0191 0218
D039517883: 0183 0163 0344 0226 0145
D028252276: 0432 0386 0305 0303 0263 0196 0375 0241 0145
D0828941: 0364 0281 0239 0191 0145
D0769103: 0377 0278 0441 0274 0213 0179 0148 0465 0414 0145
D017287159: 0423 0424 0332 0330 0238 0465 0145
D0920986: 0281 0212 0462 0283 0164
D0848487: 0221 0201 0454 0184 0145
D005546602: 0372 0205 0177 0145
D078386525: 0385 0372 0145
D051694487: 0396 0174 0463 0166 0145
D0629055: 0404 0389 0387 0380 0453 0304 0155 0290 0145
D024113762: 0423 0237 0145
D0613509: 0444 0386 0296 0291 0206 0341 0194 0237 0170
D043904792: 0406 0145 0270 0300 0244 0158
D0946049: 0348 0205 0197 0150 0145
D0510958: 0289 0190 0159 0278 0145
D047363496: 0159 0157 0353 0147 0175 0145
D0819852: 0441 0407 0311 0277 0463 0368 0212
D076961793: 0434 0377 0452 0266 0247 0200 0261 0216 0145
D052824982: 0318 0343 0160 0328 0150 0349 0145
D0842660: 0296 0204 0158 0389 0145
D0915295: 0448 0435 0415 0362 0145 0339 0166 0379
D053384492: 0453 0397 0392 0395 0334 0424 0276 0200 0401 0173 0145
D012274819: 0299 0230 0338 0193 0145
D025489996: 0298 0283 0277 0215 0145
D043166206: 0145 0414 0286 0433 0196 0429
D0976406: 0415 0302 0377 0271 0208 0416 0290 0268 0145
D0985875: 0383 0367 0286 0201 0145
D010283998: 0347 0303 0166 0145
D032873832: 0308 0180 0161 0145
D055831215: 0318 0218 0263 0460 0268 0349 0145
D095369082: 0457 0415 0363 0314 0276 0145
D039144003: 0438 0390 0366 0255 0170 0159 0241 0152
D0856697: 0458 0172 0145
D0968171: 0337 0199 0304 0419 0163 0278 0145
D031518109: 0217 0282 0145
D0960764: 0457 0386 0435 0148 0145
D0555073: 0306 0323 0204 0155 0145
D066188384: 0406 0374 0186 0327 0286 0423 0299 0414 0145
