D0952966: 0360 0260 0201 0144 0255 0330 0035
D0802040: 0297 0408 0337 0078 0035
D0983425: 0456 0435 0414 0314 0303 0005 0379 0297 0286 0171 0233 0134 0032
D078484986: 0445 0394 0453 0202 0365 0066
D000003506: 0356 0047 0052 0028
D050735891: 0252 0241 0201 0035 0157 0320 0036
D029850723: 0261 0363 0252 0097
D055553346: 0343 0339 0074
D073711612: 0305 0296 0189 0137 0123
D060178626: 0368 0241 0035
D059183761: 0335 0305 0269 0390 0249 0311 0199 0049 0072 0046
D0506719: 0334 0376 0281 0386 0035 0251 0360 0154 0103
D058358115: 0452 0390 0373 0461 0276 0037 0248 0019 0049 0269
D0766811: 0320 0422 0269 0370 0464 0314 0380 0230 0186 0277 0112 0175 0053
D0653956: 0355 0320 0454 0121 0306 0133 0208 0197
D016440869: 0247 0222 0085 0035
D006184308: 0380 0140 0288 0214 0181 0073
D004994596: 0430 0268 0224 0213 0173 0431 0035
D013133719: 0442 0306 0104 0416 0159 0003
D056916010: 0373 0041 0316 0035 0214 0203
D099022624: 0312 0058 0391 0045
D0834702: 0397 0348 0258 0193 0049
D042509134: 0042 0356 0195 0269 0448 0163
D0919981: 0414 0198 0078 0092 0072 0057 0067 0041
D030150812: 0345 0145 0339 0185 0041 0035
D078087156: 0403 0373 0336 0326 0197 0108 0073 0072 0056
D0837180: 0287 0185 0044 0107 0103 0269 0035
D0754306: 0453 0440 0369 0219 0149 0056 0095 0173 0083
D032886214: 0375 0269 0363 0298 0190 0184 0198 0088 0109 0185 0310 0130
D0995782: 0295 0117 0262 0212 0047
D0563448: 0392 0361 0295 0282 0140 0325 0005
D019050522: 0312 0365 0053 0049 0061 0279 0044 0439 0039
D0568389: 0425 0107 0247 0194 0035
D099832605: 0458 0388 0349 0270 0164 0066
D070790849: 0077 0438 0091 0058 0035
D026451541: 0336 0279 0237 0219 0098 0072 0034
D012016631: 0439 0367 0331 0291 0155 0053 0036 0219 0035
D0519072: 0390 0316 0289 0264 0379 0027 0238 0204 0350 0127 0070
D0903673: 0326 0301 0455 0198 0079
D096542736: 0340 0121 0095 0221 0037
D0894220: 0451 0432 0275 0260 0019 0258 0075 0150 0138
D059353478: 0397 0394 0412 0057 0035
D082409524: 0209 0139 0233 0126 0102 0035
D0557334: 0288 0367 0286 0127 0074
