D054067509: 0424 0456 0379 0417 0342 0145
D028783190: 0390 0208 0158 0236 0145
D017890915: 0384 0365 0163 0336 0145 0272 0264
D0629276: 0455 0154 0144
D0961246: 0412 0403 0406 0398 0313 0244 0298 0144
D066749622: 0463 0395 0316 0144
D070396614: 0465 0394 0279 0426 0236 0296 0151 0385 0144
D0539113: 0343 0285 0451 0221 0175
D0583994: 0351 0452 0260 0325 0144
D070775259: 0342 0297 0144 0246 0298 0171
D0658604: 0436 0398 0425 0348 0144 0257 0251 0153
D023448926: 0449 0444 0427 0341 0386 0331 0254 0144
D049130294: 0349 0315 0354 0220 0192 0231 0424 0144
D0703259: 0360 0292 0270 0274 0144 0155 0187 0149
D0858053: 0438 0212 0356 0265 0458 0207 0182
D0607405: 0227 0268 0209 0175 0144
D039970923: 0407 0297 0268 0214 0154 0156 0144
D039149305: 0464 0155 0404 0144
D0577788: 0426 0298 0387 0251 0295 0274 0254 0144
D087298635: 0428 0410 0397 0396 0374 0328 0184 0144
D0860631: 0456 0150 0144
D0557396: 0421 0375 0326 0322 0144
D0570828: 0361 0431 0151 0248 0144
D042423096: 0463 0249 0144 0229 0362 0306
D009121454: 0361 0326 0294 0283 0202 0198 0159 0144
D013468880: 0392 0274 0334 0144
D0714078: 0395 0201 0144
D0582937: 0418 0308 0447 0237 0295 0210 0144 0164 0252
D0623897: 0446 0445 0313 0343 0213 0176 0281 0144
D0670275: 0395 0460 0458 0269 0144
D0860065: 0389 0277 0271 0202 0390 0196 0176 0144
D045378362: 0450 0335 0185 0187 0144
D085566637: 0411 0313 0288 0144
D0897039: 0350 0236 0398 0225 0280 0161 0144
D0613645: 0443 0316 0312 0252 0144
D0843628: 0295 0209 0144
D055648349: 0460 0397 0374 0328 0245 0410 0339 0220 0391 0144
D0898834: 0271 0226 0222 0144 0164 0429 0159
D034251669: 0387 0333 0436 0287 0257 0144
D049731804: 0150 0187 0144
D0558569: 0460 0212 0144
D0578038: 0465 0364 0358 0353 0242 0195 0461 0424 0144
D0993252: 0405 0353 0299 0287 0424 0144 0166 0181
D082023157: 0403 0226 0204 0381 0207 0441 0144
D037305215: 0443 0379 0326 0152 0325 0248 0144
D003029084: 0446 0259 0144
D055555494: 0369 0359 0320 0261 0144
D085378209: 0444 0449 0357 0402 0144 0276 0272 0234
D070765328: 0449 0423 0176 0153 0394 0334 0144
