D0558209: 0444 0289 0145 0142 0320 0092 0169 0044
D031856652: 0293 0139 0411 0080 0156 0041
D061775718: 0344 0065 0424 0035
D024956079: 0264 0021 0248 0108 0394 0052
D060406187: 0449 0417 0352 0035 0210 0222
D039544001: 0231 0130 0406 0092 0388 0321 0076 0035
D0504290: 0435 0412 0339 0350 0343 0075 0035
D031989480: 0450 0430 0379 0412 0242 0409 0339 0101 0206 0098 0142 0075 0051
D098742103: 0432 0450 0369 0362 0352 0159 0153
D020735593: 0420 0045 0126 0051 0097 0073
D0929725: 0241 0129 0245 0035
D0645969: 0262 0131 0340 0063 0049 0074 0033 0024
D0996557: 0333 0053 0042 0172 0023 0007
D0524387: 0410 0340 0238 0213 0152 0180 0118 0051 0035
D0678378: 0455 0419 0325 0422 0170 0222 0070 0056 0035
D072486610: 0248 0081 0059 0035
D096781890: 0318 0226 0197 0047 0124 0035
D0626473: 0317 0293 0084 0262 0257 0453 0140
D091602633: 0449 0447 0362 0098 0393 0454 0121 0040
D0944004: 0410 0180 0052
D008413888: 0342 0445 0108 0441 0035
D032199475: 0434 0358 0216 0088 0050
D094885613: 0440 0405 0425 0294 0146 0131 0122 0116 0273 0102 0035
D011670933: 0345 0168 0270 0218 0028 0010
D0699166: 0437 0427 0401 0299 0035
D0870216: 0322 0294 0229 0075 0035
D044054502: 0412 0280 0046 0233 0344 0281 0215 0376 0349 0146 0144 0105
D019695778: 0366 0425 0186 0066 0030
D068796198: 0464 0299 0411 0445 0358 0321 0428 0035 0157 0105 0063 0161
D081001361: 0464 0448 0404 0376 0281 0227 0077 0043 0381 0194 0035
D002093611: 0210 0098 0409 0347 0022
D005977956: 0415 0231 0193 0332 0246 0143 0035
D086981835: 0374 0418 0316 0180 0073 0010 0075 0032 0164
D069722912: 0425 0415 0265 0429 0131 0064 0035 0050 0459 0074
D016390430: 0411 0402 0377 0228 0217 0215 0197 0093 0035 0040 0161
D073572640: 0259 0114 0189 0088 0050 0035
D053687036: 0424 0298 0242 0358 0083 0035
D004560586: 0429 0227 0357 0191 0114 0044
D091509048: 0421 0253 0084
D0828095: 0450 0297 0398 0304 0126 0288 0161 0205 0137
D0705355: 0369 0420 0323 0330 0035 0151 0261 0129
D019615905: 0035 0261 0354 0419 0336 0272
D0707674: 0375 0363 0295 0202 0200 0088
