D042243786: 0459 0346 0316 0279 0280 0178 0144
D0783638: 0175 0289 0144
D0974277: 0457 0390 0342 0350 0323 0309 0144
D0540275: 0218 0414 0197 0156 0144
D056364071: 0358 0337 0332 0404 0144
D0759097: 0439 0431 0362 0360 0228 0247 0192 0169 0144
D025416862: 0255 0226 0210 0144
D0953962: 0406 0388 0330 0228 0209 0442 0144 0206 0341 0247 0231
D003032794: 0332 0275 0144
D034823996: 0416 0360 0335 0279 0252 0357 0224 0144
D0845511: 0450 0451 0447 0288 0250 0216 0144
D082209285: 0422 0410 0163 0289 0144
D0658112: 0346 0343 0406 0264 0144
D0731025: 0424 0419 0414 0220 0144
D066533122: 0220 0451 0153 0144
D030976009: 0162 0378 0262 0428 0312 0144
D065282298: 0425 0344 0144 0246 0293 0204 0384 0240
D0853378: 0396 0217 0201 0173 0250 0222 0160 0151 0144
D022486226: 0387 0144 0330 0143
D026793627: 0159 0253 0452 0431 0408 0461 0384 0380 0234 0149 0146 0143
D0993543: 0426 0412 0143 0339 0293 0397 0252 0346
D080709343: 0302 0275 0143
D040656267: 0415 0404 0392 0388 0332 0458 0168 0339 0323 0143 0306 0260 0269
D093199124: 0457 0259 0405 0249 0231 0372 0143
D057722115: 0275 0170 0414 0345 0143
D071598574: 0446 0436 0170 0143
D0667650: 0247 0346 0316 0276 0143
D0651582: 0399 0369 0172 0155 0143
D018601046: 0441 0312 0389 0292 0197 0143
D003444856: 0367 0233 0159 0291 0200 0143
D0992800: 0338 0345 0253 0172 0143
D0940482: 0445 0432 0429 0342 0249 0334 0240 0143
D0829741: 0250 0438 0291 0180 0143
D015616425: 0413 0398 0302 0185 0143
D094329223: 0461 0143
D083863578: 0418 0403 0258 0420 0143 0209 0201
D087288742: 0396 0163 0143
D0584731: 0368 0284 0341 0279 0266 0226 0143 0272 0171
D023687288: 0344 0303 0237 0464 0203 0198 0191 0143
D065931479: 0143 0317 0376 0405 0364 0174
D048579698: 0387 0261 0237 0373 0167 0143
D0889609: 0266 0281 0169 0459 0143
D059035091: 0435 0321 0302 0391 0190 0143
D0613125: 0406 0200 0143
D092144392: 0290 0223 0253 0227 0143
D020386955: 0448 0413 0217 0333 0303 0143
D0980073: 0446 0143
D040700458: 0401 0334 0288 0143
D054902121: 0429 0400 0327 0201 0259 0199 0274 0184 0143
