D0505565: 0431 0247 0265 0235 0253 0349 0143
D046049957: 0404 0149 0374 0143
D0524490: 0462 0303 0294 0290 0143
D088339016: 0398 0349 0296 0249 0143
D0920523: 0424 0353 0265 0351 0188 0232 0143
D0702810: 0255 0437 0162 0143 0146 0330
D023344174: 0374 0368 0364 0308 0298 0274 0271 0222 0143
D014625466: 0390 0367 0345 0192 0305 0461 0246 0232 0143
D0842692: 0158 0149 0253 0214 0143
D093255004: 0464 0282 0181 0143
D028811718: 0456 0433 0360 0193 0399 0160 0151 0155 0143
D0725877: 0398 0316 0303 0287 0269 0222 0166 0142
D056267136: 0465 0454 0367 0182 0162 0142
D055897976: 0455 0447 0345 0247 0233 0142
D021920189: 0192 0182 0171 0209 0142
D099633653: 0394 0409 0317 0348 0327 0155 0142
D0951057: 0375 0280 0273 0268 0252 0200 0142
D012842094: 0251 0228 0185 0412 0174 0142
D0545989: 0337 0321 0318 0198 0406 0320 0142
D078702653: 0433 0402 0214 0142
D040727127: 0307 0384 0242 0234 0288 0154 0397 0278 0142
D055715232: 0426 0376 0146 0306 0187 0142
D048105743: 0408 0419 0404 0324 0245 0226 0142
D062587877: 0418 0416 0282 0328 0300 0142
D021256493: 0428 0387 0432 0372 0142 0332 0287
D098431595: 0416 0399 0384 0338 0238 0320 0142
D016242999: 0371 0336 0237 0142
D050557936: 0450 0284 0142 0291 0208 0429
D0716125: 0238 0444 0299 0172 0425 0411 0142
D075414948: 0186 0145 0142
D059950196: 0438 0384 0205 0195 0465 0376 0142
D086114103: 0374 0363 0331 0185 0193 0291 0142
D041416068: 0438 0297 0178 0142
D0860999: 0294 0263 0234 0187 0142
D002166704: 0416 0278 0151 0269 0230 0153 0430 0385 0142
D086668514: 0387 0302 0272 0159 0243 0430 0142
D034469033: 0289 0262 0219 0150 0142
D006192143: 0317 0352 0225 0178
D0657110: 0460 0288 0143 0170 0142
D056410006: 0436 0394 0224 0180 0260 0142
D041386026: 0457 0425 0407 0369 0287 0173 0147 0226 0218 0142
D041128961: 0283 0342 0158 0321 0142
D056676754: 0421 0316 0431 0387 0160
D031793360: 0422 0396 0202 0178 0168 0142
D074289653: 0305 0435 0264 0183 0309 0142
D088867533: 0314 0302 0253 0242 0348 0281 0449 0171 0142
D095951058: 0462 0395 0344 0298 0337 0302 0259 0189
