D0525703: 0425 0407 0163 0147 0142
D068410520: 0464 0450 0387 0452 0142
D035356455: 0271 0205 0269 0153 0142
D073726265: 0407 0174 0400 0378 0405 0173 0142
D001635379: 0339 0331 0283 0142
D0663963: 0370 0419 0357 0265 0204 0416 0292 0142
D098016372: 0451 0434 0358 0312 0142
D086612432: 0342 0249 0142
D0881502: 0449 0378 0345 0142 0254 0199 0152
D025191615: 0313 0224 0196 0142 0274 0191
D080704201: 0443 0386 0440 0439 0329 0315 0235 0402 0142
D026195391: 0465 0209 0235 0231 0156
D087031607: 0361 0349 0326 0249 0233 0275 0226 0142
D092938137: 0450 0439 0366 0301 0142
D053445216: 0446 0142 0424 0176 0159 0282
D055692090: 0373 0333 0314 0392 0142
D024362115: 0355 0250 0331 0205 0186 0142
D040005447: 0367 0297 0322 0142 0248 0242 0213 0215
D0643657: 0447 0367 0329 0287 0142 0257 0247 0194 0160
D098525799: 0297 0232 0230 0318 0188 0142 0144 0218
D032551457: 0428 0369 0240 0231 0142 0165 0411 0143
D0908188: 0369 0286 0318 0267 0142
D0998293: 0449 0363 0142 0332 0305 0269 0259
D023976726: 0448 0401 0229 0209 0142
D0633703: 0401 0428 0368 0158 0171 0156 0142
D048521833: 0447 0267 0249 0230 0317 0145 0142
D020507008: 0419 0409 0255 0142 0166 0161
D0568690: 0451 0439 0357 0281 0142 0246 0261 0210 0196
D011709732: 0414 0357 0190 0410 0142
D042883531: 0285 0453 0145 0142
D0935004: 0381 0342 0314 0272 0245 0225 0220 0340 0142
D068013202: 0329 0248 0154 0141
D079207744: 0418 0243 0141
D053555632: 0317 0382 0176 0320 0141
D0662192: 0291 0360 0262 0178 0141
D0917654: 0413 0372 0318 0225 0141
D0946888: 0416 0373 0328 0276 0174 0172 0141
D007359439: 0416 0321 0264 0284 0271 0245 0141
D096094693: 0273 0271 0272 0234 0141
D000094054: 0412 0223 0159 0447 0361 0149 0299 0215 0141
D085119895: 0424 0420 0179 0355 0171 0278 0141
D024182072: 0418 0354 0301 0141
D088027869: 0385 0355 0202 0331 0194 0237 0141
D0737643: 0450 0417 0141
D044577001: 0464 0457 0396 0394 0292 0141 0286 0255 0281 0181
D0534172: 0320 0249 0141 0269 0434 0185 0184
D060559104: 0403 0400 0396 0255 0141
D0948729: 0272 0457 0203 0141 0195 0399 0326
