D006655846: 0224 0452 0152 0141
D056659962: 0411 0320 0316 0310 0260 0228 0141
D0564058: 0317 0258 0159 0142 0141
D0876017: 0431 0399 0360 0338 0141
D096644409: 0417 0238 0190 0155 0141
D042057321: 0249 0189 0452 0145 0141
D0705371: 0265 0181 0141
D012385386: 0417 0246 0245 0141
D0729187: 0245 0391 0371 0206 0141
D058826089: 0390 0199 0299 0224 0368 0141
D077612793: 0435 0325 0294 0319 0255 0290 0141
D0558362: 0351 0308 0265 0262 0141
D087197549: 0436 0377 0277 0223 0458 0264 0149 0269 0261 0141
D0573411: 0399 0331 0259 0264 0181 0387 0141
D0897415: 0242 0213 0298 0199 0323 0176 0163 0286 0141
D029389346: 0461 0440 0271 0371 0266 0223 0205 0141
D0679338: 0360 0437 0350 0256 0228
D005366606: 0426 0271 0463 0141 0186 0185 0310
D044978600: 0387 0386 0292 0213 0154 0147
D072028582: 0369 0394 0231 0406 0304 0185 0141
D071626673: 0448 0434 0425 0241 0226 0141
D073831181: 0382 0304 0275 0141
D0578334: 0450 0419 0385 0252 0234 0443 0162 0141
D092295322: 0466 0416 0293 0246 0457 0217 0446 0287 0211 0415 0189 0141
D0905546: 0454 0239 0268 0217 0453 0396 0162 0141
D022298324: 0465 0379 0141 0337 0231 0294 0248 0227 0247 0207 0334 0156 0368
D068295783: 0373 0203 0441 0276 0185 0143 0141
D0943230: 0466 0440 0391 0222 0299 0267 0217 0176 0141
D000023948: 0406 0426 0380 0254 0176 0161 0141
D091305985: 0461 0335 0367 0273 0245 0238 0310 0180 0153 0386 0141
D061323667: 0464 0201 0321 0141
D007923838: 0195 0290 0141
D039639004: 0315 0298 0252 0257 0190 0250 0141
D0787654: 0401 0307 0330 0208 0141
D082411718: 0293 0202 0151 0320 0141
D0556643: 0432 0418 0154 0146 0141
D0526071: 0394 0324 0306 0183 0243 0216 0141
D029578993: 0458 0315 0313 0255 0310 0141
D0797453: 0337 0326 0255 0266 0179 0237 0228 0327 0141
D0656559: 0439 0304 0293 0192 0141
D0902852: 0233 0382 0198 0228 0141
D0696377: 0438 0411 0341 0275 0228 0338 0427 0217 0140
D066042402: 0417 0299 0174 0140
D0790664: 0282 0278 0140
D0515315: 0283 0237 0140
D0621141: 0450 0401 0357 0291 0140 0202 0168 0176 0395 0222
D0632603: 0449 0445 0430 0411 0301 0234 0140
