D080930280: 0363 0461 0332 0289 0277 0193 0170 0255 0242 0214 0140
D068223649: 0378 0355 0331 0292 0140
D0538604: 0279 0348 0270 0201 0163 0155 0140
D044963118: 0427 0359 0167 0230 0140
D045392702: 0430 0280 0140 0266 0259 0212
D088627304: 0306 0356 0197 0213 0210 0140
D004580706: 0428 0368 0423 0298 0250 0140 0243 0218 0230
D0999751: 0418 0249 0372 0273 0211 0441 0402 0142 0140
D001955262: 0193 0182 0375 0168 0240 0230 0452 0140
D070333909: 0439 0374 0140
D0643840: 0412 0430 0342 0263 0140
D0696444: 0426 0416 0390 0268 0143 0140
D0770219: 0315 0236 0400 0195 0167 0304 0140
D0535719: 0302 0423 0363 0215 0184 0332 0358 0140
D0905077: 0369 0311 0306 0213 0260 0245 0140
D061096387: 0454 0414 0208 0400 0140 0383 0165
D058303818: 0455 0357 0311 0143
D027508817: 0453 0437 0397 0274 0386 0338 0248 0216 0212 0406 0360 0358 0140
D0501811: 0370 0261 0356 0234 0140
D0851417: 0456 0418 0449 0315 0247 0237 0204 0172 0435 0140
D0770150: 0366 0363 0140 0233 0212 0307 0151
D0580483: 0399 0334 0282 0211 0204 0314 0161 0358 0140
D0871063: 0392 0437 0302 0301 0140
D046397973: 0449 0266 0215 0140
D018654264: 0359 0228 0140
D0897896: 0437 0352 0292 0273 0161 0259 0295
D0676591: 0459 0456 0298 0256 0360 0202 0140
D0945112: 0433 0375 0297 0321 0199 0171 0157 0140
D071745794: 0303 0411 0268 0140
D041066478: 0364 0202 0288 0140
D044191559: 0361 0339 0234 0203 0415 0140
D040398259: 0410 0341 0257 0211 0140
D014917974: 0459 0363 0368 0353 0316 0437 0140
D016410763: 0413 0301 0287 0193 0228 0140 0207 0300 0176
D0864095: 0272 0231 0304 0276 0140
D094285291: 0429 0169 0274 0161 0185 0437 0140
D008777225: 0394 0387 0316 0210 0140
D059373926: 0282 0264 0199 0140
D0788517: 0323 0299 0278 0194 0165 0234 0221 0277 0185 0140
D0864722: 0355 0318 0185 0307 0140 0266 0194
D0846638: 0324 0402 0315 0172 0140
D0988097: 0398 0216 0140
D086686310: 0431 0380 0299 0347 0228 0430 0184 0140
D074256099: 0433 0140 0358 0340 0284 0271
D0685215: 0447 0359 0350 0327 0321 0253 0297 0196 0140
D060649706: 0319 0247 0209 0328 0140
D059349792: 0156 0311 0140
