D0777241: 0447 0341 0315 0392 0261
D088476056: 0372 0393 0326 0321 0260
D058319093: 0390 0341 0260
D018052459: 0402 0380 0412 0349 0260
D0869032: 0425 0309 0277 0437 0352 0320 0292 0260
D022606259: 0425 0315 0440 0393 0260
D071485447: 0321 0310 0260
D088559360: 0465 0310 0449 0259
D078926677: 0337 0354 0259
D050429189: 0445 0387 0279 0434 0259
D0565804: 0387 0365 0259
D0901136: 0455 0444 0344 0300 0258
D0589624: 0411 0345 0330 0268 0308 0398 0264 0258
D021109119: 0421 0360 0299 0351 0258
D071943091: 0402 0381 0378 0354 0329 0258
D084493583: 0422 0277 0258
D0805203: 0425 0388 0267 0303 0258
D022036513: 0466 0457 0421 0342 0257
D0719616: 0435 0348 0288 0293 0257
D0837091: 0460 0290 0266 0391 0257
D052082009: 0324 0321 0258 0434 0257
D090199738: 0376 0315 0257
D0729378: 0431 0406 0256
D0742101: 0302 0286 0359 0274 0392 0333 0278 0455 0256
D0777665: 0426 0394 0423 0343 0256
D061194175: 0342 0417 0294 0256
D088334394: 0415 0290 0463 0255
D018475005: 0372 0331 0290 0262
D030488434: 0446 0464 0397 0259 0302 0313 0304 0353 0255
D0571466: 0313 0400 0285 0267 0255
D087486971: 0339 0441 0331 0255
D0917454: 0463 0426 0413 0266 0255
D066861126: 0345 0341 0255
D0881674: 0455 0425 0283 0382 0322 0255
D097090229: 0422 0352 0441 0255
D096260449: 0366 0345 0305
D098260836: 0425 0343 0309 0418 0384 0302 0254
D095251745: 0344 0362 0325 0254
D056902679: 0432 0275 0280 0266 0254
D072154816: 0348 0326 0294 0254
D034169780: 0271 0439 0290 0457 0397 0254
D094965926: 0361 0323 0254
D083613159: 0259 0335 0254
D081883592: 0377 0355 0351 0254 0257 0408 0256
D0729581: 0463 0458 0382 0453 0434 0293 0254
D071075082: 0449 0382 0254 0274 0416 0363 0267
D033568843: 0396 0265 0254
D0982508: 0435 0428 0254 0402 0390 0319 0438 0436 0408
D0586544: 0403 0372 0254
D0970731: 0396 0392 0254
D0750387: 0440 0419 0313 0269 0254
D094042085: 0347 0451 0254
D0930573: 0364 0303 0283 0461 0253
D0854548: 0455 0435 0404 0443 0253
D018450125: 0398 0364 0455 0256 0299 0253
D084795793: 0377 0283 0346 0253
D0743422: 0375 0298 0291 0253
