D016897854: 0426 0400 0254 0257 0193 0317 0140
D018103168: 0382 0405 0302 0345 0140
D0525411: 0377 0334 0396 0383 0140 0233 0229 0444 0215
D045864407: 0391 0301 0242 0162 0203 0210 0195 0383 0438 0140 0358 0266 0163
D0917675: 0425 0349 0391 0159 0147 0458 0140
D062228411: 0330 0291 0252 0408 0178 0168
D089177327: 0434 0256 0178 0448 0140
D062111317: 0380 0363 0314 0140
D062627900: 0255 0219 0345 0221 0140
D076280603: 0309 0256 0167 0146 0352 0140
D0758341: 0419 0145 0210 0157 0140
D0919045: 0460 0438 0335 0251 0140
D0716375: 0454 0327 0195 0160 0140
D031156844: 0140 0162 0266 0325 0354 0214
D0630768: 0375 0459 0449 0308 0237 0408 0140
D0674442: 0331 0191 0456 0372 0140
D039411402: 0418 0255 0140
D084668073: 0451 0445 0438 0380 0379 0324 0327 0195 0194 0142 0140
D027781395: 0381 0258 0356 0355 0159 0140
D0989690: 0424 0365 0359 0265 0392 0217 0209 0140
D018063967: 0418 0341 0250 0441 0424 0184 0200 0172 0140
D085735026: 0381 0343 0330 0320 0304 0154 0263 0144 0139
D072749869: 0450 0381 0139 0338 0327 0229 0158
D087215250: 0410 0400 0276 0156 0180 0298 0139
D066760566: 0435 0336 0441 0155 0166 0208 0139
D031670630: 0359 0355 0346 0273 0202
D057044651: 0319 0299 0175 0222 0465 0167 0139
D041893418: 0358 0347 0139 0314 0385 0340 0257 0223
D0500841: 0347 0287 0260 0240 0278 0253 0210 0166 0139
D0618883: 0350 0333 0412 0256 0139
D064420363: 0261 0152 0155 0140
D075623135: 0409 0315 0298 0221 0151 0139
D021365171: 0399 0395 0391 0269 0351 0298 0179 0370 0139
D064390123: 0423 0394 0227 0139
D0822757: 0417 0403 0396 0193 0236 0190 0222 0424 0165 0139
D089991923: 0439 0392 0326 0139
D006807856: 0455 0388 0369 0267 0389 0139 0259 0252 0230 0172
D054273474: 0387 0284 0171 0270 0145 0139
D0926233: 0461 0453 0283 0272 0269 0260 0152 0139
D0945018: 0399 0371 0291 0241 0139
D076774072: 0417 0408 0371
D013079703: 0446 0274 0285 0249 0244 0179 0223 0167 0139
D0604644: 0444 0438 0298 0454 0375 0349 0348 0258 0163 0139
D055134361: 0351 0242 0184 0440 0139
D085755215: 0417 0415 0139 0336 0365 0322 0258 0312 0157 0176 0146 0370 0345
