D034455913: 0276 0184 0274 0214 0201 0162
D064318769: 0152 0420 0148 0138
D026059365: 0442 0388 0335 0359 0244
D081434985: 0444 0404 0331 0258 0213 0138
D0990292: 0451 0424 0391 0332 0155 0274 0234 0317 0138
D0631311: 0381 0375 0369 0216 0206 0184 0432 0163 0138
D034570340: 0169 0291 0253 0230 0138
D0754692: 0410 0370 0359 0138 0351 0255 0175
D0780676: 0446 0444 0370 0270 0170 0291 0165 0186 0138
D035589419: 0202 0146 0200 0138
D062523288: 0396 0168 0138
D015947376: 0252 0225 0138
D086739184: 0425 0375 0444 0347 0287 0138
D079587068: 0324 0267 0256 0348 0272 0195 0138
D024296885: 0311 0254 0150 0138
D0790030: 0199 0244 0194 0168 0384 0147 0138
D048323994: 0423 0411 0314 0374 0305
D079167260: 0419 0334 0294 0159 0269 0138
D055257763: 0342 0331 0283 0240 0246 0387 0138
D0550019: 0431 0392 0292 0207 0138
D052133671: 0415 0378 0352 0325 0275 0209 0138
D018082531: 0438 0409 0389 0382 0138 0351 0421 0419 0277 0365
D028079897: 0419 0333 0310 0296 0423 0267 0261 0138
D033703664: 0404 0395 0453 0202 0173 0138
D028898160: 0191 0350 0334 0400 0354 0315
D0748754: 0455 0404 0345 0138
D0840053: 0439 0381 0216 0395 0183 0288 0157 0138
D031363747: 0452 0425 0338 0278 0138 0269 0381 0153
D052022524: 0454 0414 0279 0390 0384 0267 0138
D065041895: 0385 0269 0251 0138
D054229822: 0333 0237 0138
D0726452: 0440 0421 0277 0235 0218 0160 0210 0138
D070742701: 0454 0435 0202 0309 0175 0138
D0654630: 0361 0353 0349 0298 0160 0186 0138
D035800156: 0439 0438 0404 0243 0341 0167 0138
D053466983: 0238 0193 0299 0288 0138
D047874862: 0437 0360 0315 0270 0190 0373 0178 0172 0138
D0641589: 0374 0344 0306 0303 0260 0247 0198 0246 0138
D090580598: 0357 0312 0236 0138
D060087157: 0390 0152 0234 0218 0385 0365 0138
D080110316: 0289 0220 0138
D050266401: 0169 0461 0397 0163 0138
D0769524: 0349 0321 0240 0337 0138
D056885132: 0321 0235 0222 0160 0140 0138
D061431539: 0282 0406 0203 0138
D097480891: 0379 0371 0372 0324 0240 0215 0192 0138
D0880989: 0371 0270 0203 0199 0244 0194 0138
D0925961: 0310 0139 0138
D091754011: 0398 0349 0244 0234
