D098943944: 0441 0183 0438 0230 0138
D0569604: 0418 0267 0369 0357 0159 0138
D065636169: 0414 0237 0218 0138 0330 0230
D012583188: 0424 0277 0226 0187 0138
D046357298: 0436 0393 0272 0266 0237 0213 0138
D038544507: 0452 0275 0255 0147 0137
D0945213: 0339 0239 0431 0178 0137
D009083608: 0206 0409 0137
D050426751: 0390 0358 0337 0180 0451 0149 0137
D0567117: 0443 0247 0202 0302 0137
D073761594: 0194 0151 0137
D0595104: 0413 0370 0326 0169 0159 0312 0137
D033791852: 0271 0245 0300 0149 0137
D021856655: 0421 0438 0235 0337 0335 0242
D036072408: 0384 0377 0333 0182 0172 0324 0382 0148 0461 0137
D048943758: 0319 0220 0199 0137
D088658902: 0415 0354 0351 0355 0236 0448 0198 0167 0325 0137
D001475470: 0421 0289 0361 0192 0405 0137
D0917980: 0456 0396 0218 0157 0338 0137
D0529694: 0443 0376 0230 0137 0340 0159 0338
D028155263: 0307 0279 0137 0164 0246 0226 0191
D048282987: 0440 0264 0396 0459 0372 0308 0461 0137
D0735047: 0405 0460 0417 0392 0349 0242 0265 0441 0137
D0547170: 0443 0413 0302 0157 0204 0465 0270 0191 0174 0340 0137
D0609850: 0269 0394 0177 0150 0283 0233 0162 0359 0137
D041334263: 0316 0313 0435 0325 0137
D0962171: 0353 0191 0349 0413 0442 0137
D0664714: 0357 0180 0331 0297 0383 0207 0137
D067858569: 0214 0330 0366 0137 0276 0176
D084227829: 0455 0210 0286 0249 0445 0139 0424 0137
D025798197: 0245 0221 0394 0137
D0504073: 0378 0262 0310 0141 0137
D0541870: 0458 0389 0161 0380 0137
D0601762: 0237 0417 0137
D0921083: 0338 0182 0279 0268 0318 0137
D029059690: 0285 0309 0273 0262 0179 0168 0240 0137
D0819814: 0425 0408 0331 0459 0277 0142 0137
D074114917: 0426 0348 0333 0238 0155 0137
D017490696: 0419 0370 0361 0414 0317 0137
D024578585: 0462 0349 0337 0430 0225
D0518216: 0395 0137 0165 0332 0432 0277 0271
D009934092: 0417 0281 0220 0269 0462 0255
D086995580: 0419 0347 0162
D0525927: 0406 0303 0363 0256 0245 0291 0137 0276 0172
D0566315: 0434 0170 0369 0151 0137
D0769561: 0424 0423 0414 0399 0245 0236 0225 0312 0217
D059737698: 0448 0352 0137 0332 0254 0177 0161
D0949336: 0358 0282 0219 0420 0137
