D007850424: 0432 0424 0410 0110 0174 0231 0154 0431 0152 0097 0034 0026
D0845084: 0436 0405 0400 0387 0326 0112 0245 0203 0104
D046886330: 0407 0017 0324 0228 0091 0249
D067797752: 0392 0431 0195 0055 0178 0028 0372 0205 0020 0006
D0882444: 0308 0120 0241 0221 0136 0057 0217 0064 0047 0138 0031 0029
D0843228: 0453 0301 0288 0402 0259
D0579418: 0133 0311 0334 0250 0213 0125 0197 0330 0154 0415 0062 0008
D010226582: 0209 0228 0198 0029 0112 0107 0380 0066 0116
D066954330: 0413 0401 0435 0148 0309 0170 0108 0063
D0548970: 0292 0420 0195 0136 0034
D041327999: 0239 0162 0135 0029
D051624521: 0147 0335 0363 0299 0185 0029
D023498587: 0449 0066 0336 0148 0255 0344 0082 0084 0049 0092 0064 0031
D0523980: 0431 0230 0197 0276 0166 0241 0145 0198 0029
D054751781: 0359 0077 0049 0039
D045799600: 0230 0146 0117 0079 0046 0005
D086502481: 0392 0352 0347 0274 0339 0259 0413 0394 0177 0029
D086787291: 0360 0347 0281 0261 0195 0193 0174 0166 0161 0148 0135 0129
D091708380: 0415 0029 0309 0205 0201 0130
D099719012: 0430 0232 0439 0226 0174 0133 0157 0042 0033
D0767653: 0465 0430 0399 0215 0264 0015 0370 0338 0004
D004579854: 0423 0359 0320 0230 0341 0085 0096 0029
D0662272: 0438 0344 0277 0402 0276 0124 0411 0106 0079 0035 0160 0022
D0804133: 0424 0381 0137 0031 0003
D081253791: 0232 0177 0405 0089
D081746118: 0361 0213 0232 0172
D0990237: 0210 0127 0055
D044180119: 0353 0250 0146 0390 0123 0024 0132 0027 0015
D0966786: 0210 0168 0252 0077 0045
D0940080: 0460 0427 0169 0159 0029
D0757226: 0406 0301 0248 0323 0209 0180 0129 0445 0033
D030310254: 0400 0135 0390 0226 0193 0170 0422 0038 0166 0445 0250 0018
D087477344: 0401 0107 0261 0049 0005
D053627186: 0453 0406 0452 0410 0084 0029
D063889673: 0380 0364 0320 0348 0434 0421 0029 0277 0113
D067946471: 0374 0407 0199 0206 0103 0426 0271 0077 0052 0042 0029
D092018426: 0250 0316 0129 0090 0029
D022190307: 0204 0168 0136 0305 0034
D071113050: 0273 0325 0148 0353 0329 0030
D009489523: 0333 0364 0318 0366 0206 0029
D066729457: 0458 0434 0376 0243 0120
