D003417799: 0433 0391 0383 0311 0256 0192 0133 0091 0029
D0783976: 0361 0419 0118 0205 0247 0359 0166 0155
D049355857: 0191 0263 0120 0077
D0927527: 0313 0222 0389 0215 0044
D039326843: 0402 0371 0335 0066 0004
D0958000: 0433 0385 0383 0081 0380 0135 0042
D012205868: 0460 0221 0085 0236 0025
D0671716: 0416 0299 0242 0033 0200 0252 0067 0053 0029
D0814104: 0462 0449 0325 0267 0330 0261 0048 0239 0046
D090950148: 0442 0413 0353 0412 0163 0090
D0800597: 0127 0163 0066 0146 0029
D024146593: 0427 0033 0029
D0720234: 0093 0214 0034 0063 0014
D033095394: 0347 0271 0189 0123 0278 0253 0105
D095495989: 0114 0373 0090
D042234760: 0336 0234 0086 0311 0262 0084 0195 0077 0018
D082927967: 0451 0416 0312 0284 0271 0123 0021 0057 0062 0045 0034
D097984740: 0364 0329 0190 0275 0138 0223 0029
D059463511: 0144 0246 0298 0235 0128 0008
D030651234: 0288 0231 0063 0117 0011
D0975250: 0445 0362 0137 0078 0029
D033846545: 0462 0379 0265 0224 0330 0201
D027075678: 0434 0438 0317 0420 0004
D006718237: 0221 0213 0101
D0578770: 0444 0312 0271 0183 0445 0161 0259 0047 0029
D004940487: 0448 0428 0396 0293 0408 0153
D070655926: 0353 0268 0130 0082 0283 0074
D098327829: 0441 0269 0415 0320 0140 0454 0062 0176 0192 0135 0049
D0891061: 0192 0443 0105
D030475663: 0353 0261 0200 0403 0150 0112 0029
D0703287: 0375 0374 0312 0445 0237 0259 0180 0324 0134
D021247415: 0362 0450 0446 0199 0197 0098 0431 0094
D0747276: 0101 0300 0273 0110 0341 0085
D0985941: 0456 0449 0140 0409 0136 0142 0450 0076
D0885464: 0462 0457 0348 0270 0121 0182 0033 0012
D0980978: 0437 0399 0274 0190 0104 0149 0145 0397 0034 0029
D069151798: 0308 0105 0124 0168 0101 0353 0081 0053
D098441198: 0440 0430 0106 0167 0118 0431
D029871414: 0359 0295 0076 0064
D0672427: 0423 0407 0385 0354 0281 0029 0118 0193 0120
D016230446: 0233 0207 0209 0442 0385 0359 0257 0063 0354 0031
D008958082: 0330 0430 0086 0111 0206 0124
D033102597: 0250 0219 0277 0238 0170 0127 0121 0062 0080 0119 0066 0041
D0682145: 0313 0269 0087 0041 0011
D0546759: 0442 0311 0124 0036 0003
