D086707251: 0406 0446 0388 0239 0376 0345 0137
D088567235: 0459 0384 0455 0437 0391 0447 0370 0342 0249 0180 0458 0181 0137
D0842784: 0433 0437 0382 0344 0293 0219 0151 0137
D033706054: 0412 0320 0243 0305 0210 0267 0137
D077791221: 0461 0328 0142 0265 0137
D0996979: 0449 0349 0332 0164 0137
D072082829: 0434 0367 0442 0318 0137
D087725797: 0269 0238 0169 0137
D068615918: 0396 0369 0236 0179 0137
D0915123: 0254 0360 0204 0356 0137
D010032343: 0344 0287 0363 0137
D025561715: 0314 0160 0435 0137
D047970847: 0461 0228 0137
D0684811: 0458 0374 0321 0278 0448 0273 0163 0137
D023404977: 0375 0315 0262 0137
D034557532: 0435 0429 0351 0186 0153 0234 0137
D088142906: 0463 0401 0137
D036162536: 0412 0351 0301 0328 0321 0193 0460 0169
D033326764: 0387 0333 0303 0271 0137 0216 0265
D060716965: 0409 0360 0357 0282 0296 0137 0274 0429 0150
D017603065: 0457 0422 0309 0324 0289 0137
D0754893: 0377 0374 0452 0268 0137
D0551543: 0422 0389 0226 0137
D029332182: 0268 0181 0137
D069018237: 0420 0377 0223 0379 0415 0320 0137
D001668469: 0354 0339 0293 0177 0217 0137
D014829970: 0457 0452 0405 0315 0310 0186 0454 0167 0144 0137
D0927428: 0429 0465 0454 0376 0431 0354 0180 0140 0137
D0843471: 0463 0426 0371 0240 0137
D0519052: 0456 0449 0367 0344 0137 0257 0338 0346 0207
D026570549: 0239 0367 0204 0165
D0723711: 0410 0386 0296 0210 0137
D0566778: 0329 0172 0403 0441 0136 0395 0282 0237 0178 0179 0408 0330 0158
D0562997: 0444 0433 0403 0309 0260 0358 0225 0338 0136
D059532583: 0253 0198 0136
D007623264: 0140 0235 0136
D0841025: 0402 0326 0432 0217 0136
D0630102: 0282 0211 0157 0151 0136
D057583297: 0274 0258 0386 0214 0328 0231 0136
D007473265: 0262 0406 0136
D097870869: 0326 0292 0397 0143 0136
D036606610: 0374 0211 0405 0301 0248 0136
D065170731: 0315 0289 0287 0136 0227 0213 0145
D0778945: 0392 0143 0136
D099797294: 0443 0422 0136
D0843036: 0356 0304 0218 0350 0191 0306 0136
D047787261: 0219 0363 0136
D0619711: 0437 0402 0143 0212 0388 0311 0235 0418 0136
D069728457: 0379 0286 0214 0136
D023192270: 0234 0260 0273 0330 0220 0136
