D0949843: 0444 0419 0276 0366 0136
D027457092: 0448 0407 0136
D095576794: 0373 0370 0225 0223 0197 0270 0168 0136
D013780685: 0249 0428 0251 0186 0255 0240 0136
D022098948: 0438 0321 0260 0232 0328 0194 0136
D0716408: 0466 0463 0409 0441 0276 0404 0273 0262 0136
D016039766: 0371 0315 0268 0380 0136
D056182668: 0445 0175 0381 0136
D012408306: 0357 0219 0394 0400 0312 0136
D049380866: 0270 0430 0274 0166 0381 0136
D0560604: 0464 0447 0434 0378 0321 0144 0276 0210 0136
D0943806: 0391 0464 0333 0442 0322
D008970824: 0450 0285 0170 0253 0440 0136
D023278929: 0155 0195 0136
D094988390: 0395 0379 0166 0229 0225 0431 0330 0312 0195 0136
D030858558: 0429 0427 0350 0317 0307 0196 0177 0355 0335 0136
D031136440: 0296 0198 0366 0136
D029433469: 0455 0299 0160 0272 0136
D051492717: 0414 0212 0362 0136
D0662665: 0383 0305 0405 0285 0136 0303 0166
D005815593: 0456 0136 0439 0418 0317 0289
D0691773: 0343 0220 0212 0187 0136
D093986793: 0437 0273 0198 0136 0236 0175
D055836326: 0451 0429 0265 0136
D047719491: 0177 0161 0136
D025421378: 0445 0381 0287 0265 0243 0159 0238 0164 0136
D055887335: 0323 0276 0330 0261 0203 0136
D088813813: 0308 0284 0254 0415 0243 0173 0136
D027119068: 0342 0282 0458 0362 0187 0136
D060399526: 0431 0184 0164 0163 0318 0136
D037431280: 0431 0378 0370 0328 0334 0136
D0881505: 0445 0443 0360 0413 0151 0136
D0935406: 0423 0406 0228 0221 0403 0146 0440 0136
D007271755: 0368 0457 0155 0205 0136
D051755249: 0453 0444 0351 0299 0136
D061019676: 0335 0247 0240 0136
D0533556: 0293 0203 0136
D067067886: 0344 0267 0148 0136
D092500969: 0395 0337 0186 0165 0302 0281 0136
D091163226: 0150 0364 0363 0265 0136
D093928540: 0438 0333 0465 0409 0327 0136
D0532014: 0429 0298 0256 0410 0176 0161 0160 0136
D039896124: 0435 0291 0444 0298 0262 0136 0158 0156
D0908593: 0445 0350 0279 0416 0298 0211 0235 0137 0136
D071261195: 0388 0396 0225 0184 0156 0136
D011469537: 0348 0414 0163 0159 0156
D0790478: 0428 0395 0383 0352 0346 0229 0325 0308 0136
D074712557: 0393 0256 0437 0283 0168 0151 0136
D037960896: 0450 0308 0137 0136
