D031019118: 0381 0374 0136 0316 0329 0178
D0513191: 0247 0150 0394 0306 0136
D089607206: 0454 0136 0418 0453 0398 0341 0417
D057650845: 0343 0257 0199 0183 0136
D0863748: 0446 0362 0266 0297 0381 0177 0338 0136
D029393145: 0309 0196 0176 0140 0384 0136
D086285513: 0295 0413 0405 0381 0338 0156 0136
D0870647: 0442 0347 0328 0362 0283 0160 0234 0136
D0548003: 0408 0346 0203 0343 0135
D036737109: 0444 0414 0386 0252 0193
D0880352: 0290 0249 0164 0136 0135
D0712581: 0371 0347 0339 0346 0238 0277 0239 0271 0174 0236 0221 0135
D039429551: 0341 0336 0277 0209 0195 0251 0201 0135
D0511216: 0429 0204 0135
D034424957: 0381 0426 0244 0232 0135
D047710429: 0462 0442 0267 0265 0135
D031079563: 0157 0149 0145 0135
D081224074: 0462 0382 0451 0370 0135 0257 0270 0413 0231 0174 0322 0159 0356
D0859129: 0397 0428 0368 0313 0299 0276 0191 0162 0135
D010391501: 0283 0264 0374 0197 0135
D0783474: 0455 0309 0238 0257 0342 0173 0437 0154 0135
D087319897: 0251 0378 0135
D0632578: 0393 0387 0135
D006036744: 0295 0276 0211 0215 0193 0198 0135
D060290595: 0388 0290 0226 0194 0137 0135
D010429204: 0302 0233 0229 0135
D062235747: 0371 0311 0135 0160 0213 0198
D0726623: 0305 0255 0135
D0541239: 0438 0426 0325 0402 0135
D028075431: 0385 0174 0271 0207 0328 0135
D095145266: 0310 0329 0165 0396 0135
D0778224: 0193 0374 0155 0398 0135
D0703167: 0278 0209 0207 0343 0135
D007207518: 0327 0302 0200 0135
D0567091: 0421 0417 0387 0342 0322 0237 0135 0152 0189
D078249639: 0347 0276 0150 0143 0135
D044902315: 0451 0143 0241 0135 0334 0224
D0710591: 0351 0216 0135 0156 0147 0465 0323
D0828218: 0440 0387 0214 0202 0135
D077853004: 0461 0346 0313 0209 0211 0135
D0575620: 0330 0460 0392 0465 0145 0443 0415 0358 0135
D054757356: 0394 0296 0448 0372 0299 0138
D064558295: 0465 0209 0135 0258 0183 0181
D076718649: 0247 0178 0204 0177 0135
D0711729: 0302 0455 0388 0420 0270 0258 0135
D004038948: 0347 0334 0305 0135
D0720404: 0249 0194 0317 0153 0135
D062133692: 0462 0393 0276 0246 0274 0268 0263 0135
D066058595: 0465 0250 0227 0179 0135
