D0634314: 0466 0437 0327 0189 0135
D0960025: 0267 0140 0204 0135
D044465902: 0289 0263 0233 0230 0202
D0672943: 0464 0392 0164 0165 0291 0303 0255 0135
D0695660: 0357 0343 0445 0259 0254 0153 0136
D023211636: 0463 0374 0430 0395 0343 0135
D081531707: 0450 0441 0413 0405 0452 0362 0309 0236 0135
D0959246: 0359 0296 0263 0135
D0620278: 0381 0353 0240 0275 0271 0294 0135
D0505163: 0460 0291 0250 0231 0135
D079990219: 0417 0443 0396 0381 0300 0376 0322 0299 0135
D0878637: 0319 0274 0268 0186 0135
D021520983: 0439 0327 0218
D057018454: 0244 0394 0292 0353 0395 0135
D0961018: 0336 0316 0429 0256 0135
D0701148: 0447 0423 0407 0246 0135 0192 0410 0212
D0865663: 0436 0390 0336 0243 0135
D0693422: 0280 0183 0182 0418 0135
D061094703: 0264 0151 0135
D079545280: 0179 0141 0135
D056500448: 0300 0449 0135
D091965455: 0296 0227 0135
D0775258: 0441 0402 0340 0294 0272 0440 0255 0226 0135
D0944960: 0382 0323 0321 0290 0261 0135 0258 0254 0163
D015744661: 0235 0457 0163 0135
D0547821: 0462 0460 0240 0216 0135
D0969563: 0405 0321 0180 0430 0135
D0921588: 0449 0427 0407 0161 0135 0213 0190 0158
D082198039: 0435 0175 0135
D0717719: 0425 0402 0210 0459 0185 0267 0418 0136 0135
D000448215: 0437 0392 0400 0154 0135
D019972183: 0457 0386 0335 0149 0293 0135
D0894490: 0442 0361 0351 0135 0160 0440 0226 0209 0145
D0823482: 0460 0425 0362 0213 0135
D0894911: 0319 0357 0134 0277 0226 0136 0282
D0724114: 0361 0328 0230 0455 0211 0350 0191 0309 0134
D0936876: 0408 0217 0222 0194 0134
D039596062: 0420 0317 0255 0297 0159 0459 0134
D055713689: 0342 0254 0187 0253 0264 0134
D055869775: 0444 0361 0235 0297 0134 0268 0217 0355 0303 0190 0230 0179
D081135882: 0333 0327 0395 0213 0188 0140 0134
D071757544: 0396 0451 0200 0370 0317 0134
D0863608: 0439 0381 0207 0140 0134
D001055542: 0461 0454 0289 0427 0398 0282 0287 0286 0280 0137 0375 0168 0134
D0874002: 0140 0290 0134
D091215079: 0401 0390 0318 0306 0175 0419 0134
D065461150: 0385 0412 0341 0235 0283 0202 0198 0155 0194 0192 0134 0167 0274
D082882853: 0420 0369 0274 0238 0236 0134
