D026803852: 0287 0433 0280 0176 0376 0134
D041597576: 0396 0382 0362 0209 0134
D094090048: 0431 0408 0449 0134 0404 0310
D089367780: 0440 0412 0244 0200 0186 0307 0228 0134
D072400609: 0286 0202 0392 0134
D028914501: 0388 0134 0308 0156 0137 0320
D038580512: 0385 0134 0324 0307 0396 0266 0349
D0566300: 0283 0421 0391 0262 0134
D0959165: 0379 0327 0377 0465 0191 0290 0134
D014943867: 0333 0238 0197 0236 0421 0134
D028532279: 0457 0226 0141 0134
D0673245: 0193 0168 0157 0349 0134
D035056720: 0465 0424 0357 0297 0134
D071966007: 0341 0457 0291 0179 0134
D0990761: 0446 0198 0364 0156 0134
D016071827: 0394 0357 0204
D0712743: 0424 0362 0449 0339 0134
D0831559: 0414 0376 0330 0214 0156 0228 0134
D068352660: 0393 0253 0221 0446 0318 0137 0134
D022577825: 0263 0182 0138 0349 0134
D079599689: 0379 0321 0314 0313 0134 0273 0340 0229
D0843651: 0402 0390 0169 0440 0134
D0669724: 0255 0213 0153 0196 0154 0324 0134
D0552447: 0398 0169 0297 0227 0428 0172 0133
D052770289: 0292 0236 0179 0271 0133
D0773678: 0343 0330 0299 0186 0133
D094792874: 0313 0254 0180 0133
D0692865: 0300 0335 0287 0247 0241
D082080495: 0446 0407 0305 0282 0133
D018684162: 0464 0422 0409 0304 0246 0248 0269 0133 0195 0316 0174
D0588009: 0455 0450 0297 0275 0273 0269 0138 0133
D011460961: 0437 0346 0293 0256 0306 0239 0275 0147 0238 0133
D0660541: 0402 0268 0239 0348 0133
D005118274: 0437 0369 0235 0285 0212 0200
D089530832: 0387 0192 0133
D014339448: 0375 0370 0133
D058819968: 0459 0456 0373 0209 0133
D026921174: 0458 0286 0199 0164 0133
D062410007: 0441 0268 0215 0414 0210 0133
D032135596: 0410 0380 0222 0175 0238 0133
D002215266: 0432 0210 0209 0133
D060159229: 0266 0188 0133
D026981895: 0402 0232 0211 0181 0323 0191 0133
D062745840: 0281 0170 0191 0164 0133
D0506939: 0404 0320 0230 0286 0133 0208 0167 0149 0144
D0756912: 0362 0234 0377 0283 0133
D032097641: 0465 0398 0365 0221 0215 0219 0133
D075445447: 0437 0427 0417 0414 0308 0250 0395 0229 0133
D0837444: 0365 0167 0133
D0630454: 0343 0254 0246 0314 0133
D0859512: 0406 0206 0419 0348 0133
