D0885142: 0352 0271 0379 0261 0253
D0610585: 0448 0426 0402 0394 0300 0294 0263 0253
D0597706: 0416 0390 0413 0357 0253
D0799061: 0417 0457 0253
D051868581: 0394 0329 0253
D036237418: 0415 0410 0328 0253
D0776184: 0452 0404 0347 0269 0253
D023453838: 0386 0292 0437 0281 0253
D092105201: 0399 0378 0431 0329 0253
D0723443: 0354 0300 0253
D0579979: 0386 0425 0330 0304 0252
D035330578: 0454 0361 0288 0252
D035438199: 0398 0284 0252
D0759903: 0462 0446 0427 0381 0252
D009783010: 0429 0341 0339 0356 0252
D053313133: 0438 0308 0252
D053252425: 0423 0268 0252
D022771070: 0443 0285 0453 0256 0252
D075959579: 0346 0385 0347 0281 0252
D022077622: 0431 0421 0252 0403 0394 0325 0267
D073140306: 0440 0412 0368 0269 0363 0252
D038672392: 0367 0411 0292 0291 0251
D008774392: 0464 0449 0392 0326 0251
D056488319: 0455 0409 0251
D076193330: 0427 0410 0405 0395 0343 0340 0251
D0833019: 0461 0454 0386 0306 0250
D081017225: 0430 0339 0250
D079531306: 0339 0404 0324 0456 0268 0250
D0980485: 0456 0436 0362 0411 0250
D078900684: 0435 0343 0328 0250
D080556657: 0403 0267 0250
D0705196: 0289 0259 0445 0344 0250
D048929042: 0438 0416 0393 0364 0257 0440 0426 0275 0250
D088694887: 0407 0338 0276 0322 0367 0315 0250
D053179944: 0447 0252 0250
D028687115: 0431 0423 0278 0426 0307 0249
D065397411: 0393 0391 0249
D0708484: 0332 0325 0294 0387 0249
D014920516: 0375 0359 0266 0249
D0512242: 0285 0450 0249
D0626500: 0420 0409 0343 0451 0313 0287 0249
D080356684: 0378 0322 0311 0431 0249
D092059412: 0286 0258 0249
D083855825: 0406 0352 0249
D089112403: 0395 0331 0269 0248
D024001601: 0352 0349 0363 0252 0248
D0895174: 0449 0464 0431 0345 0248
D0894145: 0338 0325 0302 0272 0248
D0783506: 0457 0357 0420 0338 0248
D0884849: 0388 0348 0269 0334 0258 0370 0338 0248
D0757100: 0460 0383 0421 0339 0248
D0543389: 0331 0429 0261 0338 0248
D0805055: 0383 0329 0315 0294 0248
D0974640: 0378 0351 0333 0328 0436 0299 0248
D073402978: 0432 0248 0274 0430 0352 0328
D007684708: 0299 0296 0248
D043418213: 0455 0371 0322 0247
D072052938: 0438 0313 0249 0247
