D099488123: 0302 0268 0091
D0767086: 0325 0202 0191 0216 0070
D063920413: 0404 0343 0260 0253 0210
D082823924: 0025 0414 0269 0115 0458 0061
D002901619: 0268 0183 0085 0134 0057 0025
D0825242: 0366 0332 0291 0256 0094 0361 0068 0046 0041
D0763589: 0460 0396 0390 0285 0281 0326 0344 0215 0071
D0974999: 0401 0383 0290 0268 0193 0160 0258 0255 0065
D021142291: 0294 0273 0241
D092948211: 0312 0173 0044 0025 0241 0175
D033940427: 0272 0268 0264 0377 0275 0255 0090 0251 0199 0065 0042
D006873684: 0400 0103 0331 0249 0182 0010
D0708285: 0370 0300 0432 0421 0205 0391 0013 0040 0356 0006
D074958658: 0298 0116 0074 0400 0208 0377 0071 0025
D042510659: 0359 0324 0312 0220 0198
D017691680: 0414 0402 0278 0304 0266 0031 0115 0173
D052188312: 0369 0308 0142 0071 0354 0064
D048543149: 0427 0304 0270 0321 0211 0335 0041 0102 0016 0229 0013
D0672801: 0457 0448 0301 0247 0182 0166 0161
D080580607: 0452 0360 0186 0350 0428 0315 0180 0156 0113 0173 0337 0055 0009
D064811895: 0412 0405 0197 0388 0298 0188 0206 0045 0025
D097281979: 0221 0415 0343 0024
D024508957: 0149 0337 0107 0032 0025
D0533233: 0400 0392 0197 0042 0070 0109 0190 0087 0054
D042718390: 0400 0345 0163 0334 0006 0258 0420 0106 0145
D095140230: 0254 0029 0181 0447 0259 0200 0091 0034
D0609996: 0180 0133 0025
D019220918: 0346 0298 0101 0028
D031316163: 0251 0208 0145 0359 0074
D0664504: 0357 0442 0281 0142 0025
D063518689: 0417 0406 0398 0332 0260 0247 0026 0030 0044 0074 0033
D0767940: 0463 0387 0249 0430 0257 0229 0216 0452 0061
D0655428: 0238 0456 0034
D083924484: 0265 0235 0434 0339 0212
D074717071: 0460 0321 0247 0051 0173 0164 0150 0125 0081 0178 0294 0025
D041838884: 0410 0332 0203 0157 0234 0108 0116 0015
D030003811: 0279 0448 0273 0163 0097 0033 0065 0406 0045 0036 0025
D007170034: 0440 0398 0383 0437 0350 0032
D056174069: 0041 0335 0285 0395 0260 0169
D0815892: 0408 0386 0366 0254 0144 0139 0095 0080
D065827086: 0417 0044 0283 0028
D0882435: 0439 0338 0042 0038 0025
D056064155: 0437 0378 0136 0055 0188 0110 0350 0056
