D019256498: 0430 0349 0217 0133
D023913028: 0460 0303 0133
D0786190: 0460 0375 0336 0259 0174 0183 0133
D0718175: 0286 0282 0230 0161 0133
D0977191: 0230 0186 0231 0169 0133
D075100742: 0415 0407 0392 0379 0133 0151 0251 0156 0280
D0633484: 0460 0305 0241 0190 0133
D066092360: 0411 0241 0387 0274 0133
D077770264: 0464 0450 0410 0372
D034518663: 0325 0254 0464 0253 0205 0400 0133 0195 0135
D0996333: 0388 0454 0400 0196 0133
D026440224: 0296 0440 0380 0377 0240 0286 0449 0198 0132
D078627338: 0269 0195 0371 0304 0154 0142 0132
D047970380: 0443 0436 0407 0280 0340 0276 0269 0306 0343 0234
D044662592: 0349 0280 0211 0230 0174 0132
D033090238: 0212 0227 0200 0132
D0901328: 0419 0146 0317 0269 0132
D0567336: 0466 0435 0426 0412 0330 0312 0332 0132
D024043984: 0446 0191 0300 0431 0314 0175
D0777574: 0443 0390 0262 0232 0252 0164 0132
D0653786: 0321 0260 0236 0195 0132
D040257822: 0449 0430 0334 0423 0292 0194 0177 0173 0179 0132
D018094442: 0466 0348 0198 0230 0132
D0682490: 0187 0239 0132
D0770973: 0304 0456 0150 0217 0192 0370 0139 0132
D063689211: 0349 0312 0132
D031178396: 0387 0376 0349 0300 0166 0132
D0600894: 0360 0350 0388 0311 0290 0429 0397 0319 0192 0132
D0898104: 0410 0212 0453 0362 0189 0265 0392 0187 0132
D0575211: 0418 0259 0256 0132
D061644724: 0395 0237 0451 0132
D066195191: 0289 0165 0132
D0714479: 0281 0235 0206 0160 0132
D0831243: 0401 0344 0322 0274 0368 0186 0132
D0637869: 0439 0394 0391 0132 0389 0323 0135 0185
D0950371: 0423 0339 0250 0317 0132
D016596559: 0327 0416 0267 0282 0182 0148 0317 0209 0146 0143 0132
D080083627: 0383 0342 0281 0215 0132
D0514886: 0298 0300 0272 0233 0428 0210 0132
D0555875: 0337 0284 0132 0237 0341 0177 0171 0368 0186
D039394279: 0381 0364 0219 0330 0132
D011108368: 0399 0212 0132
D0789842: 0402 0377 0414 0191 0376 0403 0252 0198 0132
D0509084: 0321 0446 0189 0227 0132
D054699472: 0407 0392 0316 0240 0231 0132
D051884307: 0390 0241 0242 0132
D0630009: 0221 0350 0212 0217 0360 0207 0171 0132
D0769188: 0448 0368 0358 0318 0260 0196 0279 0417 0150 0132
