D070570403: 0422 0385 0384 0132
D0653047: 0433 0368 0132
D024770026: 0364 0256 0251 0140 0132
D0545882: 0452 0263 0433 0194 0199 0395 0334 0135 0132
D0552652: 0453 0289 0339 0135 0132
D075946210: 0348 0393 0397 0379 0448 0134 0132
D031538695: 0376 0323 0315 0298 0263 0132
D0811721: 0275 0212 0363 0211 0283 0189 0217 0187
D098191741: 0440 0411 0326 0384 0275 0390 0182 0417 0159 0254 0338 0132
D031434553: 0444 0368 0333 0132
D0762639: 0219 0168 0149 0438 0132
D0521521: 0426 0388 0260 0242 0132
D0690026: 0294 0261 0222 0337 0132
D043797486: 0322 0268 0132
D0629392: 0458 0413 0359 0450 0256 0176 0132
D0759706: 0294 0261 0291 0214 0132
D001276411: 0429 0297 0384 0156 0132
D036509904: 0426 0406 0273 0215 0169 0186 0132
D091860620: 0297 0280 0256 0234 0156 0148 0132
D082832056: 0185 0138 0132
D0729556: 0427 0323 0137 0253 0132
D005663910: 0459 0323 0258 0328 0246 0132
D053944313: 0465 0421 0251 0204 0173 0227 0132
D0823368: 0454 0373 0417 0263 0132
D0968838: 0448 0404 0390 0173 0158 0374 0218 0142 0132
D050467549: 0175 0451 0408 0254 0132
D057325750: 0444 0327 0177 0199 0295 0229 0187 0211 0413 0425 0153 0171 0132
D011983910: 0432 0260 0200 0132
D009592568: 0453 0375 0173 0277 0165
D026491349: 0384 0359 0309 0306 0213 0135 0132
D067411535: 0458 0429 0364 0273 0270 0226 0151 0132
D081254224: 0423 0213 0166 0132
D061940376: 0341 0325 0277 0201 0132
D094600247: 0448 0444 0318 0301 0351 0160 0132
D008266958: 0398 0339 0251 0234
D000384414: 0460 0429 0425 0384 0336 0298 0310 0218 0132
D019983301: 0453 0320 0250 0132
D032579543: 0406 0319 0307 0132
D022836434: 0383 0228 0339 0202 0132
D090896026: 0463 0183 0132
D096225899: 0361 0196 0458 0132
D022268907: 0410 0454 0398 0132
D073214830: 0395 0294 0451 0132 0237 0396 0225 0242
D048116688: 0465 0419 0132
D029657568: 0253 0403 0411 0168 0133 0132
D026688275: 0389 0339 0264 0194 0132
D004524939: 0356 0162 0266 0191 0141 0132
D060002495: 0337 0316 0209 0212 0198 0304 0132
D041071175: 0440 0435 0261 0286 0204 0199 0132
D0504639: 0426 0354 0306 0282 0132
