D060154255: 0239 0244 0194 0256 0178 0204 0141 0136 0132
D0657064: 0426 0385 0334 0326 0297 0252 0209 0299 0132
D004468622: 0218 0208 0342 0229 0131
D0725213: 0303 0271 0270 0423 0235 0186 0131
D0643076: 0454 0309 0435 0266 0131 0253 0402
D067001774: 0279 0251 0211 0131
D010321478: 0286 0265 0257 0237 0173 0231 0179 0131
D073517597: 0389 0259 0257 0131
D088263458: 0439 0398 0331 0193 0187 0223 0131
D0956400: 0327 0414 0300 0260 0236 0374 0233 0178 0161
D086720595: 0459 0404 0343 0335 0316 0406 0233 0162 0131
D0768513: 0442 0332 0256 0373 0131
D0890457: 0459 0406 0234 0223 0131
D0825080: 0429 0376 0315 0252 0201
D068997748: 0432 0365 0341 0339 0302 0201 0160
D078226166: 0244 0395 0280 0275 0334 0317 0427 0293 0177 0196 0140 0131
D0624519: 0232 0289 0203 0146 0131
D0977553: 0386 0370 0215 0203 0131
D043505906: 0415 0351 0407 0279 0153 0131
D0848935: 0150 0134 0340 0131
D0648478: 0437 0320 0243 0197 0131
D066202615: 0424 0331 0247 0149 0146 0131
D0745484: 0357 0340 0131
D041637524: 0230 0183 0446 0421 0131
D0619433: 0426 0249 0150 0382 0131
D000173612: 0336 0231 0152 0222 0416 0388 0188 0297 0150 0131
D0550444: 0362 0253 0226 0396 0131
D0570642: 0185 0133 0354 0177 0131
D058484548: 0387 0377 0239 0148 0131
D0643112: 0389 0161 0131
D0866110: 0309 0149 0132 0422 0131
D086089340: 0306 0217 0197 0220 0131
D057508344: 0338 0306 0295 0131 0278 0199
D032245523: 0336 0438 0304 0131
D0511476: 0445 0357 0404 0267 0131
D039613721: 0345 0396 0367 0131
D0690698: 0420 0290 0331 0245 0196 0464 0131
D0910490: 0430 0304 0292 0457 0278 0268 0462 0242 0227 0205
D0712892: 0442 0391 0270 0196 0244 0147 0138 0131
D0832309: 0436 0350 0459 0308 0197 0186 0131
D0761555: 0369 0263 0305 0246 0131
D076815249: 0401 0400 0210 0131 0159 0238 0262 0188
D0969208: 0372 0281 0274 0196 0194 0382 0148 0457 0131
D0840894: 0438 0261 0402 0401 0158 0422 0131
D043026913: 0367 0214 0314 0271 0332 0165 0131
D076756672: 0400 0311 0307 0443 0288 0149 0293 0131
D0552272: 0377 0375 0338 0435 0304 0218 0274 0381 0194 0131
