D064610399: 0289 0249 0306 0241 0185 0180 0131
D068605117: 0193 0329 0151 0131
D051509446: 0455 0405 0336 0323 0299 0257 0136 0164 0394 0196 0153 0329 0131
D0679881: 0388 0428 0378 0189 0131
D0825912: 0461 0436 0207 0192 0285 0220 0131
D021307768: 0440 0424 0420 0373 0408 0388 0328 0249 0132 0302 0205 0417 0131
D0717907: 0462 0441 0265 0466 0231 0273 0131
D065173947: 0272 0247 0415 0131
D096024829: 0342 0166 0322 0306 0329 0131
D005088638: 0383 0166 0375 0371 0131
D041188873: 0462 0334 0434 0184 0131
D032860283: 0359 0350 0131
D0610353: 0446 0353 0348 0274 0219 0131 0253 0221 0186
D026304304: 0303 0448 0163 0306 0294 0131 0203 0162
D063775754: 0450 0369 0189 0131
D0944609: 0398 0131 0392 0327 0348 0441 0164
D0890379: 0292 0447 0202 0131
D085682962: 0370 0299 0284 0151 0131 0150 0145
D0640871: 0309 0131 0278 0235 0418 0353 0230
D045246319: 0188 0132 0340 0131
D079761154: 0462 0172 0167 0131
D054870697: 0355 0324 0151 0131
D003026700: 0224 0175 0138 0131
D062129091: 0377 0300 0180 0131
D0798475: 0429 0332 0185 0171 0131
D0755354: 0309 0390 0301 0186 0361 0184
D0800644: 0445 0395 0287 0165 0147 0434 0367 0131
D049346640: 0428 0255 0456 0131 0299 0246 0130
D092291133: 0440 0149 0317 0132 0130
D0573467: 0366 0416 0318 0146 0306 0130 0296 0419 0134
D057979328: 0363 0234 0150 0130
D062218047: 0431 0255 0338 0156 0152 0130
D096063958: 0192 0313 0130
D0650510: 0456 0381 0404 0134 0369 0337 0230 0155 0130
D034777961: 0303 0234 0223 0251 0130
D078531840: 0368 0353 0261 0130
D091589934: 0336 0223 0206 0130
D023170063: 0437 0358 0340 0302 0277 0373 0290 0130 0250 0131
D026803272: 0457 0357 0415 0346 0314 0306 0261 0332 0130
D090841330: 0456 0439 0228 0188 0132 0130
D077252005: 0422 0131 0201 0130
D030783522: 0440 0396 0297 0427 0454 0145 0130
D081602582: 0320 0401 0213 0130
D098815401: 0356 0217 0130
D0752610: 0363 0445 0302 0130 0258 0332 0288
D005656738: 0241 0459 0246 0130
D073658054: 0445 0274 0453 0263 0189 0130
D0719241: 0431 0362 0414 0168 0281 0184 0324 0277 0238
D056547153: 0350 0414 0328 0130
