D054240858: 0418 0392 0372 0282 0179 0148 0317 0130
D0994910: 0454 0391 0139 0330 0130
D067079308: 0347 0357 0309 0130 0175 0385 0164 0253
D0935617: 0438 0153 0130
D0748552: 0424 0245 0233 0132 0130
D061298132: 0427 0192 0191 0130
D0956501: 0422 0407 0396 0358 0351 0150 0341 0294 0359 0184 0130 0221
D044165918: 0410 0334 0177 0130
D055824835: 0340 0339 0130
D025001204: 0456 0412 0362 0218 0130 0183 0166 0200
D047096738: 0462 0429 0231
D074506132: 0433 0130 0404 0269 0389 0414 0349 0348 0427 0232 0162 0156 0142
D0864720: 0384 0349 0135 0451 0130
D0765446: 0343 0314 0313 0327 0308
D054859067: 0341 0218 0147 0210 0157 0130
D0977777: 0434 0426 0352 0339 0274 0232 0130
D0705416: 0462 0301 0456 0288 0130
D0668703: 0439 0428 0388 0153 0182 0165 0130
D072457535: 0444 0453 0283 0401 0280 0246 0242 0208 0130
D051820176: 0142 0140 0130
D049500202: 0241 0304 0291 0163 0130
D011462538: 0366 0149 0130
D0788620: 0336 0368 0131 0210 0130
D031975384: 0409 0321 0286 0297 0170 0283 0207 0419 0205 0156 0130
D0935990: 0445 0341 0372 0307 0212 0240 0207 0148 0130
D096096475: 0442 0465 0348 0432 0228 0196 0190 0150 0130
D0865097: 0418 0425 0200
D081436002: 0449 0448 0256 0154 0409 0137 0130
D014475771: 0383 0310 0147 0130
D0894673: 0412 0410 0324 0257 0130
D0728530: 0444 0414 0323 0266 0151 0201 0130
D0716822: 0387 0130 0258 0236 0466 0364 0193
D0618956: 0388 0378 0386 0274 0130
D0512759: 0424 0303 0389 0236 0130
D0689424: 0466 0397 0324 0209 0166 0133 0311 0130
D077024404: 0419 0317 0264 0204 0151 0287 0130
D0573214: 0347 0298 0275
D065626115: 0363 0325 0216 0204 0130
D020277093: 0402 0350 0324 0237 0130
D033015934: 0444 0378 0390 0279 0411 0145 0272 0273 0190 0310 0130
D023947658: 0321 0223 0130
D026926773: 0342 0303 0210 0293 0201 0185 0391 0155 0399 0130
D036280735: 0430 0421 0355 0130
D045104138: 0418 0350 0130 0152 0258 0238 0193
D043983636: 0331 0211 0170 0208 0130
D094915846: 0405 0358 0177 0130
D052488696: 0440 0437 0379 0206 0199 0285 0196 0177 0130
D050410958: 0330 0446 0256 0215 0176 0246 0331 0130
