D0896706: 0458 0216 0162 0295 0161
D061525177: 0362 0427 0203 0305 0132 0130
D0824625: 0322 0283 0130
D009257580: 0271 0240 0231 0378 0202 0191 0130
D0971329: 0429 0369 0344 0236 0323 0458 0225 0186 0130
D021512063: 0368 0130 0192 0173 0342 0229
D030397613: 0459 0412 0398 0346 0288 0162
D077305435: 0220 0175 0313 0130
D077469892: 0458 0436 0213
D052835926: 0413 0375 0130
D0785653: 0383 0338 0322 0181 0173 0133 0130
D0881950: 0439 0410 0351 0295 0189 0173 0130
D001862669: 0322 0136 0174 0301 0212 0131
D090849961: 0457 0130 0343 0431 0188 0408
D063372878: 0209 0166 0435 0148 0186 0130
D020907358: 0212 0235 0149 0179 0130
D0776294: 0393 0368 0195 0133 0130
D025399912: 0371 0301 0444 0299 0256 0168 0130
D008604668: 0443 0419 0405 0269 0354 0302 0359 0246 0130
D047725454: 0382 0434 0367 0130 0265 0194 0230
D0971232: 0365 0355 0452 0283 0282 0278 0347 0256 0129
D003599891: 0355 0252 0129 0213 0302 0139 0269
D049270358: 0462 0388 0304 0443 0330 0129
D023681217: 0349 0262 0320 0309 0152 0129
D0638507: 0428 0413 0465 0270 0408 0246 0129
D026861180: 0407 0353 0401 0341 0297 0234 0130 0129
D0995883: 0398 0190 0136 0221 0129
D082403553: 0355 0298 0259 0129
D0893495: 0418 0379 0327 0302 0129 0234 0215 0371 0189
D090643835: 0446 0395 0358
D0547099: 0391 0342 0142 0129
D032477412: 0318 0245 0198 0138 0129
D0964972: 0411 0407 0237 0370 0440 0329 0210 0129
D041936504: 0226 0343 0129 0192 0276 0163
D0861877: 0451 0442 0376 0327 0190 0446 0188 0180 0129
D082517717: 0378 0370 0172 0286 0350 0203 0129
D0707252: 0464 0450 0196 0146 0129
D041341001: 0347 0346 0330 0129
D0928561: 0244 0210 0141 0421 0205 0136 0221 0129
D0824228: 0381 0364 0309 0329 0230 0206 0170 0351 0133 0214 0129
D0890866: 0378 0367 0198 0330 0129
D043019564: 0389 0327 0280 0218 0176 0203 0169 0166 0265 0129
D0976101: 0447 0441 0414 0129 0343 0308 0267 0178
D0664978: 0455 0431 0430 0427 0294 0335 0129
D0700620: 0400 0352 0280 0279 0249 0226 0367 0224 0129
D058427255: 0401 0393 0277 0129
D0774498: 0413 0390 0435 0378 0352 0464 0319 0253 0129
