D0880415: 0441 0422 0411 0149 0338 0361 0250 0186
D006225155: 0395 0129 0284 0384 0405 0301 0264
D096823200: 0402 0322 0167 0188 0133 0129
D029863365: 0234 0145 0129
D0575318: 0289 0282 0158 0276 0251 0129
D043809028: 0426 0396 0378 0360 0454 0339 0276 0163 0129
D068117016: 0426 0388 0360 0253 0320 0289 0271 0385 0257 0386 0210 0129
D0653052: 0381 0363 0193 0155 0464 0150 0129
D0545462: 0352 0219 0395 0129 0192 0166 0144
D079204347: 0465 0409 0370 0196 0194 0214 0360 0179 0129
D055685597: 0352 0343 0154 0129
D0990124: 0364 0360 0259 0133 0129
D0531957: 0444 0360 0418 0380 0324 0442 0441 0166 0129
D014981401: 0325 0224 0202 0129
D069618499: 0313 0312 0235 0129 0192 0184
D0697689: 0384 0333 0315 0129 0265 0263 0208 0314 0200
D055893060: 0421 0412 0155 0129
D009729933: 0417 0412 0409 0402 0327 0393 0282 0288 0129
D094356274: 0340 0293 0374 0129
D006435769: 0450 0410 0324 0460 0238 0328 0194 0184 0458 0304 0129
D0509588: 0344 0273 0199
D030874237: 0441 0376 0324 0295 0275 0169 0153 0129
D0965612: 0441 0435 0300 0239 0129
D073537540: 0390 0344 0382 0263 0327 0157 0204 0147 0419 0134 0129
D013282882: 0253 0228 0350 0209 0196 0295 0151
D024494434: 0223 0193 0245 0191 0129
D0546884: 0415 0352 0129 0160 0133 0328 0380 0227
D047871151: 0441 0331 0196 0129
D071150550: 0438 0185 0453 0310 0142
D021636271: 0455 0441 0146 0346 0185 0129
D083365584: 0446 0262 0397 0129
D064758206: 0418 0316 0129
D0814269: 0327 0402 0359 0325 0225 0134 0239 0399 0129
D054990593: 0181 0315 0247 0366 0395 0129
D032854985: 0396 0343 0150 0129
D009459052: 0450 0301 0204 0142 0129
D0815943: 0371 0459 0129
D070818932: 0409 0407 0148 0202 0163 0355 0424 0359 0142
D0692720: 0431 0189 0129
D010701218: 0243 0449 0158 0276 0129
D040016955: 0421 0179 0415 0319 0222 0129
D0847596: 0454 0398 0245 0460 0129
D099085674: 0360 0342 0336 0205 0330 0129
D050494323: 0355 0290 0262 0129 0284 0194 0166
D090574122: 0412 0333 0392 0373 0338 0129
D004200840: 0355 0335 0321 0306 0280 0139 0135 0129
D057529172: 0449 0453 0266 0143 0349 0139 0129
