D0778870: 0452 0449 0397 0387 0200 0382 0325 0129 0389 0259 0147 0153
D004613015: 0424 0209 0144 0129
D090926181: 0328 0289 0178 0184 0409 0146 0129
D056081350: 0301 0316 0129
D041487082: 0419 0308 0241 0132 0255 0190 0274 0141 0184 0351 0399 0129
D0516020: 0394 0286 0129 0260 0259 0165 0239
D0620217: 0439 0415 0393 0298 0169 0172 0129
D059003335: 0167 0242 0129
D088966441: 0387 0389 0228 0218 0129
D0715911: 0465 0418 0407 0394 0140 0352 0186 0129
D013875138: 0427 0419 0375 0300 0257 0129 0213 0437 0243 0139
D018877373: 0456 0268 0372 0308 0264 0327 0208 0128
D051144708: 0275 0302 0128 0219 0167 0168 0438 0408 0262
D083497117: 0228 0297 0128
D0549046: 0411 0273 0191 0174 0169
D0769168: 0328 0317 0170 0160 0128
D046744555: 0275 0374 0239 0297 0447 0128
D0601924: 0312 0250 0358 0154 0370 0361 0128
D0816441: 0372 0444 0256 0262 0128
D0709938: 0458 0330 0324 0337 0235 0184 0128
D041746356: 0254 0194 0147 0259 0128
D000245098: 0459 0457 0438 0175 0370 0161 0128
D0842262: 0450 0308 0427 0411 0282
D073809678: 0351 0305 0262 0211 0202 0128
D098594818: 0464 0429 0417 0413 0369 0300 0380 0303 0164 0163 0128
D0564655: 0460 0370 0265 0154 0128
D086984119: 0254 0193 0156 0364 0196 0338 0128
D0829154: 0464 0268 0172 0371 0128
D032639230: 0411 0128 0201 0459 0163 0225
D025757446: 0263 0229 0128
D0540923: 0458 0434 0335 0326 0322 0204 0128
D027841914: 0359 0428 0295 0130 0375 0128
D059307051: 0442 0394 0391 0204 0128
D016517288: 0412 0366 0279 0448 0372 0171 0134 0135 0128
D012060603: 0385 0374 0276 0178 0128
D050627851: 0320 0287 0222 0128
D071010885: 0128 0338 0408 0337 0379 0278 0442 0165
D0857730: 0381 0400 0206 0200 0172
D0871365: 0398 0384 0364 0372 0245 0365 0246 0155 0128
D025913163: 0331 0324 0379 0243 0216
D0996611: 0234 0440 0146 0439 0283 0463 0128 0247 0458 0425 0176 0281 0143
D036245550: 0440 0339 0133 0330 0207 0135 0128
D001963731: 0424 0326 0140 0263 0143 0259 0128
D064667355: 0438 0393 0332 0265 0240 0128
D002646527: 0439 0288 0241 0135 0197 0229 0389 0302 0128
D012899746: 0303 0276 0185 0149
