D076367038: 0394 0205 0165 0443 0371 0128
D0646208: 0450 0410 0331 0305 0452 0140 0128
D008624161: 0155 0147 0431 0400 0135 0128
D059179535: 0460 0386 0462 0374 0316 0128 0268 0252 0300 0270 0175 0361
D0661843: 0442 0310 0298 0185 0297 0285 0202 0302 0128
D0601415: 0424 0290 0239 0458 0362 0162 0295 0151 0128
D076548390: 0383 0356 0157 0141 0128
D031908450: 0368 0328 0128 0313 0160 0175 0245
D0784891: 0307 0244 0128
D004169734: 0302 0235 0223 0288 0185 0172
D094488715: 0455 0433 0343 0322 0440 0275 0261 0132 0128
D067432134: 0449 0427 0128 0338 0334 0258 0168
D0711846: 0394 0411 0392 0161 0128
D099351618: 0440 0310 0243 0128
D082799274: 0337 0463 0327 0169 0253 0241 0234 0302 0128
D0928723: 0426 0456 0163 0342 0128
D0821663: 0434 0385 0274 0223 0167 0146 0128
D0545599: 0393 0264 0344 0256 0193 0137 0420 0146 0128
D0511069: 0332 0238 0440 0152 0128
D001021127: 0344 0442 0294 0128
D0500668: 0351 0330 0215 0293 0128
D060100887: 0307 0363 0298 0291 0253 0196 0128
D0891182: 0305 0394 0327 0240 0128
D0743716: 0442 0414 0306 0435 0304 0278 0446 0256 0128
D061996526: 0441 0383 0344 0203 0187 0183 0330 0151 0338 0128
D020010393: 0434 0368 0128 0314 0150 0306 0148
D000256261: 0336 0284 0236 0288 0179 0327 0286 0128
D060437587: 0282 0243 0165 0129 0128
D0677751: 0457 0419 0420 0301 0230 0128
D097034308: 0451 0431 0219 0286 0128
D003902769: 0380 0251 0242 0449 0128
D096029299: 0463 0128 0302 0276 0168 0273
D0756613: 0405 0328 0318 0228 0245 0270 0128
D0891233: 0427 0294 0207 0399 0445 0128
D0993947: 0413 0392 0387 0380 0146 0143 0270 0310 0183 0128
D048577632: 0402 0392 0346 0307 0240 0128 0200 0153
D0815102: 0305 0170 0398 0259 0128
D016011854: 0253 0243 0178 0396 0128
D0872520: 0443 0380 0333 0255 0128
D090268946: 0200 0172 0213 0128
D095528595: 0309 0443 0218 0194 0166 0128
D0784978: 0449 0292 0413 0301 0136 0159 0128
D067778379: 0330 0261 0240 0137 0259 0128
D065621370: 0444 0311 0164 0418 0343 0128
D086154994: 0454 0431 0379 0325 0280 0130 0128
D008751393: 0160 0129 0368 0158 0128
