D0544430: 0402 0286 0255 0108 0192 0339 0145 0046
D0922229: 0244 0224 0335 0118 0021
D0634457: 0449 0359 0265 0438 0423 0442 0256 0435 0124 0073 0031 0176 0146
D0622326: 0413 0231 0174 0096 0063
D073866596: 0416 0373 0204 0182 0173 0159 0099 0060 0046
D004312192: 0304 0385 0359 0277 0149 0024
D0924196: 0392 0363 0349 0175 0158 0378 0122 0021
D007222207: 0407 0299 0172 0031
D051075439: 0461 0402 0192 0080
D065618592: 0339 0318 0392 0268 0221
D088131160: 0367 0291 0115 0312 0136 0085
D061832237: 0462 0267 0233 0402 0184 0021
D009755314: 0387 0261 0130 0262 0031
D093780162: 0257 0307 0228 0153 0464 0079 0353 0136 0438 0005
D0760759: 0306 0111 0305 0253 0051
D028037767: 0419 0331 0399 0135 0046 0021
D023473393: 0273 0267 0053 0052 0021
D093914871: 0407 0325 0250 0223 0147 0136 0099 0008
D079669672: 0413 0369 0316 0312 0424 0274 0233 0112 0134 0032
D083455360: 0312 0377 0219 0075 0053
D065743898: 0265 0252 0207 0421 0112 0085 0128 0368 0031
D001465778: 0176 0148 0025 0332 0021
D076977619: 0336 0238 0359 0021 0165 0042
D011114871: 0334 0139 0188 0035
D068137892: 0346 0282 0298 0055 0178 0074 0257 0021
D0865901: 0393 0246 0092 0079 0450 0292 0055 0029
D058348154: 0400 0354 0296 0442 0332 0276 0225 0434 0171
D028789260: 0166 0447 0315 0009
D0542489: 0343 0296 0169 0246 0107 0212 0419 0096
D0841621: 0431 0392 0438 0369 0350 0309 0283 0201 0021
D093253765: 0375 0256 0188 0406 0112
D0983401: 0223 0351 0166 0040 0021
D099610654: 0450 0408 0363 0306 0018 0302 0119 0085 0042
D0789472: 0447 0388 0381 0296 0362 0266 0223 0216 0023
D0617584: 0310 0280 0021 0137 0065 0323 0056
D095247656: 0295 0401 0173 0243 0070
D069769955: 0338 0252 0110 0146 0069 0179 0021
D039489692: 0359 0357 0027 0268 0123 0221
D0775583: 0425 0115 0083 0302 0065 0105 0066 0021
D082500139: 0364 0147 0286 0083 0021
D0656797: 0389 0292 0247 0288 0056
D0972449: 0417 0336 0213 0296 0161 0021
D072800461: 0364 0297 0456 0451 0021
D011516491: 0339 0337 0157 0137 0123 0284 0371 0099
D0890327: 0331 0292 0430 0144 0319 0280 0106
