D0845193: 0426 0376 0266 0346 0286 0284 0247
D027783047: 0417 0270 0348 0247
D058597859: 0368 0318 0365 0304 0284 0247
D072101452: 0354 0345 0325 0247
D012027729: 0430 0297 0286 0364 0247 0285 0267
D028887935: 0415 0283 0247
D092518421: 0431 0384 0456 0365 0246
D0641444: 0445 0300 0274 0276 0246
D070882407: 0463 0430 0363 0451 0246
D0767780: 0430 0399 0264 0457 0246
D035698678: 0450 0312 0400 0448 0357 0464 0319 0246
D098801497: 0373 0435 0362 0346 0246
D016908222: 0444 0357 0350 0254 0246
D0964954: 0400 0318 0296 0317 0246
D082862787: 0436 0353 0285 0287 0246
D046841094: 0270 0291 0287 0246
D016554528: 0463 0316 0313 0256 0419 0245
D059580843: 0395 0394 0265 0245
D005838509: 0343 0329 0284 0245
D0605641: 0425 0264 0423 0257 0247 0245
D094861822: 0460 0431 0352 0321 0262 0260 0248 0277 0245
D078609112: 0458 0400 0350 0331 0245
D074146369: 0316 0281 0263 0271 0245
D062952194: 0411 0419 0245
D0748307: 0363 0287 0250 0465 0245
D085100589: 0427 0411 0340 0332 0388 0321 0415 0264 0393 0244
D051575830: 0427 0297 0244
D036023189: 0434 0298 0383 0307 0244
D0921545: 0390 0311 0244
D039652416: 0421 0398 0342 0272 0244
D055898089: 0421 0407 0362 0339 0275 0260 0244
D0827323: 0347 0304 0346 0332 0414 0300 0244
D029428915: 0420 0389 0297 0377 0244
D0663518: 0446 0385 0464 0277 0243
D029698806: 0460 0331 0294 0243
D0572043: 0352 0288 0379 0243
D0943005: 0412 0370 0245 0315 0279 0461 0274 0453 0243
D0893660: 0337 0294 0243
D006271664: 0387 0364 0243
D064562124: 0417 0385 0349 0243
D095389462: 0456 0425 0243
D002922836: 0350 0267 0318 0289 0249 0243
D082713256: 0465 0384 0242
D091863119: 0426 0329 0310 0242
D022956354: 0367 0354 0283 0242
D0625264: 0411 0463 0348 0306 0242
D001810646: 0464 0355 0288 0242
D0666169: 0463 0340 0319 0278 0298 0264 0418 0380 0242
D092160095: 0465 0330 0431 0404 0356 0242
D0631898: 0383 0328 0242
D023280335: 0455 0459 0451 0242
D0805316: 0435 0352 0303 0295 0242
D0714924: 0269 0265 0241
D0756730: 0455 0440 0428 0241 0414 0304 0283 0263
D0608106: 0420 0456 0346 0257 0241
