D0890328: 0420 0245 0463 0214 0208 0293 0128
D0816340: 0359 0349 0270 0299 0256 0427 0170 0190 0128
D0862926: 0381 0264 0461 0232 0128
D0604600: 0426 0405 0325 0317 0128
D076860249: 0453 0432 0386 0200 0128
D0585058: 0432 0431 0387 0128 0237 0254 0420 0143
D093992503: 0398 0304 0287 0182 0127
D072577233: 0447 0365 0386 0351 0459 0245 0154 0235 0127
D018797633: 0415 0412 0316 0407 0256 0139 0135 0127
D0940472: 0256 0192 0141 0134 0219 0132 0127
D005236282: 0416 0134 0127
D035250395: 0360 0316 0200 0130 0127
D015863553: 0310 0283 0229 0465 0272 0127
D091625038: 0450 0292 0258 0200 0229 0184 0131 0339 0127
D011379751: 0397 0242 0148 0127
D0586427: 0393 0340 0319 0221 0132 0264 0127
D0707978: 0396 0339 0318 0234 0127
D040697444: 0326 0304 0127
D0988831: 0382 0327 0368 0127 0339 0460 0131
D022940995: 0444 0411 0245 0362 0127
D068802998: 0337 0319 0351 0208 0183 0197 0307 0127
D098708918: 0440 0334 0302 0231 0127
D033108636: 0447 0342 0249 0165 0127
D041186855: 0391 0297 0319 0208 0189 0127
D032097573: 0396 0346 0343 0219 0141 0127
D0576356: 0464 0373 0218 0161 0356 0129 0171 0127
D088561080: 0443 0254 0306 0127
D060001931: 0399 0311 0238 0273 0177 0127
D072750025: 0424 0160 0326 0228 0384 0127
D032213713: 0345 0201 0160 0231 0127
D0812287: 0367 0271 0127
D020501952: 0328 0127 0306 0270 0175 0235
D0826334: 0369 0377 0174 0141 0308 0361 0149 0127
D042797326: 0377 0420 0127 0339 0241 0234
D0840167: 0384 0373 0333 0134 0277 0339 0127 0168 0231
D071311159: 0460 0451 0298 0256 0283 0225 0138 0434 0224 0127
D0857802: 0301 0256 0287 0277 0268 0414 0127
D022292780: 0424 0403 0262 0259 0323 0127 0317 0163
D007165696: 0403 0278 0243 0242 0327 0127
D099728120: 0430 0202 0128 0240 0127
D0827312: 0444 0254 0220 0278 0131 0136 0127
D074150410: 0320 0369 0363 0299 0392 0159 0128 0294 0127
D0746526: 0460 0408 0335 0443 0266 0349 0127 0191 0183
D015257574: 0352 0426 0303 0138 0208 0155 0375 0127
D0756810: 0398 0371 0342 0207 0127
D069381478: 0446 0127 0376 0352 0381 0240
D056705942: 0431 0255 0127
D0956569: 0414 0239 0135 0131 0127
