D0679316: 0407 0401 0349 0126 0154 0284 0234 0136 0141
D067953332: 0389 0335 0126 0243 0225 0165
D0533743: 0333 0266 0346 0254 0170
D0956345: 0424 0414 0255 0329 0296 0126
D030134768: 0439 0397 0389 0387 0145 0348 0234 0126
D067826322: 0235 0161 0389 0126
D0815091: 0228 0215 0126
D0611327: 0213 0277 0205 0126 0202 0294 0209 0340 0142
D0989540: 0446 0462 0258 0244 0126
D0731154: 0391 0232 0306 0205 0226 0458 0415 0406 0126
D005786503: 0302 0210 0310 0126
D0762724: 0417 0413 0289 0307 0366 0164 0151 0126
D0575814: 0350 0222 0401 0173 0126
D0933999: 0233 0367 0211 0292 0126
D0698675: 0194 0186 0154 0237 0126
D0973258: 0381 0411 0409 0239 0211 0184 0126
D023163157: 0441 0420 0306 0198 0197 0435 0126
D056798913: 0422 0367 0463 0208 0142 0164 0156 0437 0148
D0869671: 0447 0381 0377 0238 0183 0435 0126
D082357245: 0281 0190 0230 0214 0180 0126
D031199445: 0381 0167 0392 0126
D044284923: 0294 0286 0273 0297 0187 0183 0316 0275 0126
D048623193: 0441 0400 0341 0329 0233 0179 0126
D081379163: 0252 0233 0164 0241 0126
D0655720: 0358 0222 0221 0320 0126
D012675050: 0405 0375 0214 0223 0159 0218 0126
D0521950: 0387 0182 0233 0144 0126
D0518122: 0439 0324 0315 0133 0126
D0913597: 0331 0247 0246 0278 0126
D033735672: 0426 0359 0328 0208 0132 0443 0126
D091386670: 0412 0401 0381 0126 0263 0270 0141
D0976274: 0368 0312 0300 0281 0335 0158 0126
D054661776: 0297 0214 0174 0395 0260 0126
D0712817: 0276 0147 0126
D042384694: 0395 0299 0235 0228 0126
D024076999: 0381 0450 0373 0422 0297 0172 0320 0126
D0507752: 0445 0362 0383 0258 0172
D010394564: 0466 0402 0368 0363 0171 0132 0126
D0899167: 0288 0293 0259 0176 0126
D0794673: 0352 0341 0286 0258 0126
D0737246: 0417 0454 0414 0229 0438 0256 0126
D087398427: 0402 0392 0388 0432 0224 0221 0186 0168 0382 0374 0126
D002741536: 0390 0325 0199 0133 0236 0126
D0823620: 0290 0363 0442 0359 0313 0435 0126
D0707219: 0414 0387 0381 0147 0126
D082720322: 0353 0264 0149 0393 0126
D0668194: 0358 0324 0232 0230 0126
D075086282: 0258 0279 0430 0254 0388 0126
