D040616681: 0286 0178 0199 0372 0193 0218 0126
D071083674: 0449 0327 0126
D060882530: 0192 0364 0282 0177 0150 0126
D0884013: 0436 0369 0223 0409 0212 0395 0197 0185 0126
D000942348: 0292 0358 0346 0126 0233 0155 0192 0151
D0502786: 0276 0396 0352 0259 0175
D033559827: 0407 0449 0297 0270 0126
D0682004: 0286 0235 0445 0215 0126
D001276435: 0395 0377 0370 0295 0188 0126
D0662798: 0459 0126 0225 0435 0338 0337
D043406845: 0465 0346 0345 0125
D036259311: 0246 0381 0327 0125
D077237514: 0445 0463 0386 0377 0158 0235 0125
D0527243: 0278 0291 0221 0150 0125
D096758434: 0323 0315 0298 0266 0230
D036410323: 0432 0326 0434 0212 0174
D012338511: 0348 0256 0381 0235 0125
D035441922: 0442 0256 0418 0220 0336 0125
D093590723: 0357 0343 0330 0286 0259 0396 0304 0254 0125
D0875292: 0464 0460 0125 0333 0295 0164 0263
D084238375: 0398 0315 0125
D041926932: 0351 0315 0236 0322 0302 0125
D0741884: 0359 0362 0346 0262 0205 0171 0149 0125
D062004473: 0158 0125
D016510852: 0436 0398 0172 0394 0300 0125
D0667793: 0441 0378 0412 0316 0277 0127 0209 0203 0125
D0809828: 0446 0410 0445 0313 0152 0296 0189 0125
D0528237: 0386 0310 0300 0193 0125
D032541106: 0438 0436 0356 0320 0390 0381 0194 0368 0210 0395 0130 0125
D031590693: 0456 0311 0435 0289 0125
D0934100: 0453 0408 0346 0233 0125
D0556079: 0341 0178 0164 0326 0152 0135 0125
D0743372: 0372 0329 0349 0292 0128
D0654853: 0445 0411 0392 0287 0125
D0892722: 0413 0292 0242 0176 0386 0141 0186 0138 0125
D045322020: 0218 0267 0211 0201 0172 0155 0464 0125
D088435732: 0340 0261 0304 0243 0212 0235 0205 0125
D025411713: 0412 0376 0335 0247 0125
D0942118: 0216 0413 0182 0130 0125
D063341065: 0360 0174 0409 0306 0125
D014172663: 0311 0222 0125
D0863359: 0394 0427 0125 0278 0215 0300 0281 0181
D0900372: 0449 0326 0269 0265 0125
D041409367: 0437 0393 0230 0214 0168 0347 0125
D099274740: 0443 0367 0237 0125
D0830050: 0463 0326 0147 0240 0181 0464 0125
D095564845: 0440 0418 0352 0451 0219 0308 0144 0125
D055630900: 0337 0166 0152 0349 0294 0272 0125
D090119941: 0444 0399 0335 0130 0125
