D069104503: 0421 0349 0149 0288 0138 0019
D008152060: 0431 0309 0267 0256 0237 0183 0212 0459 0184 0119 0297 0027
D0682553: 0312 0309 0285
D005486571: 0399 0111 0235 0326 0129 0104 0103 0090 0176 0062 0092 0446 0058
D024047548: 0345 0316 0363 0240 0235
D0580361: 0205 0109 0101
D0904503: 0443 0345 0294 0279 0022 0221 0355 0081 0224 0111
D0817342: 0455 0450 0232 0209 0077 0036 0219 0448 0007
D076097799: 0142 0242 0138 0021 0019
D002369129: 0394 0293 0174 0103 0138 0051 0319 0038 0029
D000095884: 0299 0360 0114 0264 0109 0090
D024512015: 0431 0216 0422 0170 0076 0227 0265 0019
D0507741: 0372 0430 0043
D012702954: 0445 0304 0308 0381 0109 0152 0025
D0818856: 0303 0455 0198 0008
D067372454: 0427 0281 0411 0354 0205 0091
D076802232: 0420 0111 0104 0024
D057297620: 0412 0410 0383 0337 0052 0177 0103 0070
D025253245: 0347 0357 0193 0439 0136 0063 0019
D015421982: 0466 0456 0361 0136 0256 0235 0124 0220 0019 0156 0458 0036
D0745477: 0382 0424 0307 0313 0019
D029481187: 0422 0201 0265 0087 0229 0003
D035206576: 0384 0279 0217 0203 0169 0108 0090 0124 0459 0017
D086430982: 0455 0396 0240 0160 0019
D037057954: 0430 0184 0082 0205 0054
D007858079: 0419 0272 0388 0250 0108 0035
D005309603: 0404 0289 0109 0019 0180 0155
D0590879: 0444 0153 0177 0462 0303 0161 0139
D027823989: 0458 0428 0424 0349 0256 0224 0293 0039 0019
D053320469: 0466 0129 0321 0316 0006 0285 0113 0164 0141 0034 0406 0028
D056862447: 0074 0019 0049 0420 0167 0031
D0963900: 0248 0166 0033 0019 0022 0220 0186
D0534356: 0312 0343 0221 0183 0161 0114 0417 0105
D094540147: 0178 0160 0152 0031
D071505084: 0463 0378 0358 0316 0391 0291 0260 0284 0095
D011994787: 0459 0428 0386 0314 0137 0021 0103 0379 0064 0300 0062 0019
D085302747: 0410 0223 0462 0316 0190 0416 0178 0072 0019
D098490561: 0453 0175 0361 0082
D092618190: 0418 0412 0106 0052 0374 0019
D008120250: 0142 0101 0457 0019
D023667792: 0292 0231 0171 0167 0019
D0582088: 0409 0156 0400 0133 0015 0304 0104
D093773911: 0423 0256 0151 0397 0104
D039318152: 0286 0278 0248
