D0677359: 0442 0393 0383 0278 0113 0277 0060 0035
D046917386: 0456 0420 0014 0406 0315 0200
D051958275: 0351 0071 0226 0076 0060 0018
D020450472: 0417 0281 0111 0192 0017
D061247215: 0447 0364 0124 0340 0232 0298 0417 0150 0358 0430 0304 0041 0018
D013710521: 0361 0339 0315
D059892700: 0428 0309 0237 0407 0129 0085
D0998334: 0372 0290 0061
D0855808: 0432 0315 0281 0441 0137 0097 0213 0018
D024165457: 0426 0343 0354 0261 0252 0194 0206 0043 0103 0054 0303 0190
D0755795: 0359 0357 0072 0082 0029
D000610612: 0180 0192 0316 0039 0037 0001
D043750719: 0253 0199 0135 0095 0087 0309 0020
D0926076: 0264 0227 0070 0104 0046 0021 0414 0011
D016919723: 0328 0200 0162 0052
D029111015: 0460 0396 0148 0087 0257 0018
D019979083: 0424 0362 0296 0219 0430 0195 0381 0129 0125 0123 0168 0106 0017
D0833364: 0415 0313 0018 0302 0249 0155 0031
D011511984: 0463 0396 0371 0363 0301 0275 0057 0142 0370 0068
D038910326: 0431 0366 0425 0288 0015
D081845736: 0102 0060 0336 0005
D072520789: 0402 0363 0265 0309 0414 0008
D069440304: 0450 0413 0387 0115 0096 0083 0076 0039 0077 0203 0067 0161 0016
D0633564: 0209 0284 0160 0094 0105 0426 0091 0293 0219 0018
D033598024: 0427 0351 0334 0180 0071 0069
D0853348: 0456 0375 0383 0151 0053
D0905610: 0243 0219 0117 0300 0044
D023573833: 0364 0222 0287 0359 0313 0327 0323 0283 0422 0233 0181 0150 0033
D016200104: 0386 0446 0337 0262 0150 0213 0415 0154 0018 0013
D088415239: 0459 0441 0402 0344 0170 0148
D057938493: 0420 0364 0352 0359 0026
D070587395: 0371 0299 0267 0133
D051221744: 0234 0355 0452 0333 0365 0327 0306 0287 0152 0189 0366 0053
D0853774: 0460 0217 0327 0186 0078 0188 0317 0168 0012
D047936072: 0375 0280 0276 0077 0447 0068
D027455807: 0276 0164 0464 0150 0143 0368 0048 0081 0018
D0690724: 0372 0071 0010
D098367702: 0456 0444 0434 0308 0306 0250 0184 0358 0028
D0733472: 0466 0465 0323 0312 0450 0256 0224 0229 0114 0169 0338 0073 0018
D077194688: 0430 0392 0016 0252 0221 0173 0298 0416 0388 0055 0054 0457 0168
D0707993: 0347 0401 0328 0317 0028 0283 0218 0120 0071
