D0535581: 0400 0309 0285 0168 0446 0235 0417 0125
D088478098: 0292 0167 0158 0302 0125
D074894604: 0376 0230 0339 0199 0125
D095349961: 0305 0209 0125
D044342944: 0349 0245 0223 0125
D0621940: 0380 0371 0305 0446 0262 0290 0215 0281 0125
D0930348: 0463 0418 0273 0256 0348 0247 0140
D029165445: 0188 0321 0366 0254 0280 0125
D006225087: 0457 0241 0125
D042395232: 0464 0125 0456 0444 0247 0406
D096402757: 0434 0158 0412 0314 0187 0125
D013387402: 0192 0381 0366 0355 0429 0125
D0599323: 0378 0286 0208 0306 0240 0125
D068431273: 0296 0275 0200 0368 0172 0153 0125
D081460991: 0388 0373 0367 0328 0385 0164 0145 0125
D083012266: 0381 0359 0337 0209 0126 0324 0171 0125
D031731232: 0454 0193 0125
D0649432: 0455 0450 0211 0311 0394 0341 0176 0125
D030687578: 0399 0392 0375 0190 0237 0126 0124
D042683698: 0403 0352 0221 0143 0124
D0589473: 0435 0374 0202 0139 0124
D0640300: 0398 0311 0221 0197 0124
D0755732: 0459 0124 0207 0221 0197 0210 0172 0191
D024722667: 0190 0230 0226 0213 0406 0124
D047007130: 0415 0124 0374 0290 0170 0183
D043422173: 0380 0272 0205 0175 0124
D095825977: 0376 0374 0265 0450 0124
D0903365: 0415 0397 0276 0269 0124
D074824083: 0273 0228 0141 0124
D0997517: 0395 0331 0321 0409 0272 0198 0185 0141 0124
D060526335: 0453 0316 0124
D009561304: 0389 0365 0198 0407 0311 0130 0319 0124
D000509176: 0297 0262 0168 0176 0296 0124
D063774269: 0438 0337 0301 0136 0124
D0866975: 0130 0334 0415 0371 0124 0263 0155
D0661374: 0393 0367 0408 0344 0335 0127 0124
D095506586: 0306 0287 0387 0124
D0608942: 0455 0433 0309 0384 0275 0197 0338 0169
D093968898: 0314 0302 0265 0284 0258 0382 0124
D061143326: 0410 0382 0154 0124
D0820181: 0438 0349 0251 0421 0224 0205 0152 0346 0124
D052661730: 0429 0370 0124
D033579177: 0438 0376 0252 0450 0124
D051474058: 0439 0240 0213 0191 0182 0124
D084612854: 0409 0388 0359 0309 0124 0358 0293 0204
D033414621: 0463 0340 0366 0355 0180 0124
D090154324: 0388 0421 0154 0124
D099567743: 0244 0188 0152 0420 0125
D0564760: 0447 0377 0286 0221 0324 0193 0137 0166 0124
