D046633774: 0389 0269 0312 0310 0325 0155 0124
D0872047: 0124 0346 0381 0421 0336 0318
D070221879: 0460 0459 0417 0142
D085249790: 0230 0381 0137 0131 0124
D089758502: 0375 0228 0193 0124
D016973497: 0419 0404 0403 0252 0278 0272 0149 0124
D070506969: 0288 0151 0124
D0514229: 0241 0224 0447 0154 0124
D0740126: 0317 0338 0314 0138 0312 0268 0438 0199
D0513374: 0380 0124 0264 0402 0246 0438 0211
D0921855: 0443 0327 0389 0175 0124
D049694437: 0447 0412 0349 0304 0362 0233 0124
D026370934: 0336 0409 0323 0124 0346 0227
D0947212: 0453 0384 0457 0276 0124
D0823933: 0259 0196 0419 0283 0124
D049760064: 0221 0247 0124
D003321591: 0441 0376 0407 0292 0124 0218 0219
D0957647: 0421 0301 0422 0223 0365 0172 0124
D094125955: 0460 0437 0364 0341 0385 0124 0145 0184 0333 0169 0241 0302 0132
D0951843: 0447 0403 0327 0286 0358 0124 0126 0168 0160
D018933208: 0326 0124 0154 0320 0206 0147
D0769199: 0449 0372 0324 0281 0177 0142 0132 0124
D009620292: 0414 0183 0124
D0594582: 0300 0197 0189 0244 0124
D010863657: 0365 0274 0358 0304 0124 0264 0131 0150 0135
D057237343: 0407 0379 0391 0332 0437 0124 0207 0204 0277 0228 0152
D038394904: 0429 0353 0248 0124 0162 0188
D0924871: 0463 0451 0324 0316 0270 0258 0124
D070834239: 0448 0299 0239 0124
D0558750: 0385 0308 0237 0219 0124
D072899625: 0377 0376 0165 0216 0141 0124
D0687183: 0231 0154 0383 0219 0124
D033849430: 0269 0385 0246 0357 0185 0183 0124
D032598391: 0443 0411 0259 0124
D015489531: 0397 0267 0183 0192 0213 0145 0124
D005120079: 0270 0464 0296 0124
D017748216: 0375 0265 0137 0246 0452 0124 0179 0133
D0551506: 0423 0222 0124
D053627957: 0424 0282 0215 0181 0124 0148 0345 0161
D0586789: 0456 0388 0379 0240 0124
D0652455: 0416 0369 0461 0248 0176 0232 0163 0263 0124
D0849745: 0415 0404 0187 0191 0124
D0695346: 0399 0375 0181 0242 0138 0283 0124
D0870860: 0444 0210 0143 0132 0424 0124
D0535445: 0368 0427 0333 0294 0290 0135 0161 0124
D092719699: 0400 0127 0124
D0549744: 0464 0372 0338 0422 0176
D043273225: 0438 0367 0158 0124
D0719398: 0436 0408 0368 0175 0134 0124 0233 0123
