D0630974: 0254 0377 0390 0123 0182 0334
D0891115: 0460 0324 0449 0389 0453 0124 0123
D028128281: 0455 0334 0258 0402 0229 0123
D021359187: 0463 0179 0123
D092221130: 0307 0137 0229 0164 0129 0123
D092797574: 0331 0459 0246 0185 0123
D058819104: 0377 0179 0123
D000019514: 0456 0315 0192 0170 0123
D0747755: 0359 0343 0273 0123 0231 0247 0201
D032368154: 0409 0308 0426 0303 0228
D008374530: 0336 0317 0232 0215 0161 0248 0123
D039870452: 0403 0390 0324 0195 0123
D096906514: 0441 0400 0299 0146 0270 0342 0123
D0762368: 0462 0439 0353 0267 0209 0123 0177 0129 0234
D044574192: 0372 0223 0200 0132 0137 0123
D020146801: 0431 0335 0243 0123
D0964643: 0436 0428 0123
D0772353: 0298 0268 0245 0239 0213 0123
D090800238: 0422 0448 0372 0188 0189 0128 0123
D096982204: 0448 0293 0142 0123
D084485199: 0465 0427 0426 0402 0202 0304 0367 0224 0123
D007610677: 0219 0365 0216 0305 0204 0384 0174 0123
D018516111: 0395 0385 0332 0315 0256 0405 0123
D005406227: 0441 0371 0163 0151 0145 0447 0128 0401 0390 0177 0123
D0869603: 0379 0352 0316 0211 0296 0192 0165 0459 0134 0123
D054858282: 0417 0123 0401 0256 0230 0428 0186
D0775290: 0418 0359 0290 0156 0123
D0759172: 0423 0377 0123
D062753777: 0319 0255 0458 0202 0138 0294 0123
D0572957: 0455 0177 0155 0233 0123
D066249726: 0422 0459 0232 0123
D0962602: 0426 0371 0349 0292 0123 0249 0144
D045804052: 0329 0184 0123
D015621252: 0371 0338 0326 0217 0170 0142 0123
D0747947: 0446 0384 0434 0307 0452 0375 0215 0151 0150 0149 0411 0127 0123
D011556527: 0462 0318 0436 0123 0182 0175
D0595430: 0392 0223 0123
D0849416: 0309 0285 0123
D0894369: 0412 0374 0295 0208 0180 0372 0336 0123
D0643857: 0309 0266 0460 0242 0123
D0978480: 0352 0317 0144 0291 0448 0224 0413 0123
D015812858: 0367 0438 0311 0296 0251 0295 0270 0374 0140 0123
D020067007: 0272 0123 0194 0184 0142 0171
D0880498: 0261 0461 0155 0336 0193 0169 0123
D039748492: 0369 0327 0321
D054968592: 0225 0338 0123
D0908360: 0426 0365 0123
D068594237: 0431 0376 0415 0189 0165 0455 0235 0156 0123
D0889749: 0459 0392 0335 0235 0321 0143 0148 0123
