D069245251: 0422 0325 0276 0197 0194 0123
D0986685: 0278 0188 0465 0146 0128 0441 0248 0279 0123
D0805268: 0446 0409 0345 0198 0166 0352 0124 0123
D037377427: 0299 0197 0224 0181 0123
D0766286: 0140 0422 0131 0356 0123
D0628616: 0377 0229 0130 0347 0123
D0564811: 0425 0370 0455 0396 0259
D0956218: 0415 0293 0222 0197 0123
D0874883: 0454 0377 0407 0388 0318 0130 0284 0141 0139 0123
D0717018: 0451 0190 0236 0371 0341 0123
D030031067: 0433 0275 0207
D083087028: 0399 0123 0378 0366 0328 0273 0198 0408 0174 0150 0235 0390
D037603229: 0386 0329 0137 0123
D092840461: 0141 0305 0418 0242 0198 0123
D0999318: 0462 0326 0276 0248 0274 0263 0169 0394 0123
D005316892: 0451 0413 0123
D073293965: 0253 0145 0212 0236 0137 0123
D074275830: 0403 0269 0348 0258 0123
D046981073: 0397 0182 0123
D0921201: 0370 0123 0285 0174 0164 0141
D0822807: 0444 0234 0137 0391 0273 0128
D0679216: 0454 0363 0282 0123 0153 0142 0137 0268 0125
D025851809: 0258 0439 0123
D0716792: 0377 0321 0159 0162 0126 0336 0224 0123
D028523277: 0450 0432 0207 0374 0251 0186 0123
D0781849: 0448 0442 0344 0418 0204 0167 0123
D009887152: 0457 0340 0233 0207
D043564071: 0407 0279 0289 0123
D070711707: 0465 0128 0123
D0613201: 0266 0219 0170 0338 0123
D007082528: 0450 0313 0273 0223 0207 0179 0375 0145
D063385380: 0418 0296 0292 0232 0123 0196 0295 0151
D0693832: 0465 0195 0188 0243 0179 0184 0252 0131 0123
D094787450: 0461 0433 0439 0384 0426 0357 0318 0146
D0759252: 0392 0343 0305 0276 0247 0123
D017058339: 0411 0299 0253 0230 0204 0202 0123
D086372176: 0365 0200 0168 0289 0123
D0658268: 0307 0330 0221 0409 0123
D090041501: 0423 0276 0246 0439 0236 0240 0123
D063260267: 0246 0141 0124 0123
D043421374: 0243 0187 0123
D058975480: 0340 0163 0130 0127 0123
D0666150: 0432 0273 0123 0194 0444 0287 0178 0187
D0537258: 0436 0428 0372 0308 0258 0257 0246 0137 0123
D032739831: 0357 0283 0258 0405 0123 0244 0169
D058173787: 0368 0349 0310 0227 0289 0149 0123
D036727520: 0312 0295 0142 0165 0153 0123
D006906313: 0460 0388 0372 0435 0334 0123
